4 0.500000 0.071094 1.000000 0.076563
0 0.100694 0.070898 0.123611 0.036328
5 0.951389 0.071094 0.097222 0.065625
3 0.500000 0.855078 1.000000 0.005469
7 0.500000 0.166406 0.961111 0.114062
0 0.500000 0.171875 0.883333 0.059375
7 0.098264 0.260937 0.157639 0.075000
0 0.106944 0.277344 0.140278 0.042188
7 0.179514 0.388672 0.320139 0.180469
16 0.179514 0.388477 0.320139 0.180078
3 0.290625 0.327148 0.072917 0.041016
3 0.179167 0.360938 0.194444 0.098437
0 0.179167 0.435547 0.161111 0.059375
7 0.499653 0.388672 0.320139 0.180469
16 0.499653 0.388477 0.320139 0.180078
3 0.610764 0.327148 0.072917 0.041016
3 0.499306 0.360938 0.194444 0.098437
0 0.499653 0.435547 0.139583 0.059375
7 0.820139 0.388672 0.320833 0.180469
16 0.820139 0.388672 0.320833 0.180469
3 0.931597 0.327148 0.072917 0.041016
3 0.820139 0.361133 0.194444 0.098828
0 0.819792 0.435937 0.225694 0.059375
7 0.169097 0.516406 0.299306 0.075000
0 0.177778 0.532813 0.281944 0.042188
7 0.179514 0.644141 0.320139 0.180469
16 0.179514 0.643945 0.320139 0.180078
5 0.290625 0.582617 0.072917 0.041016
3 0.179167 0.616406 0.197222 0.098437
0 0.179514 0.691016 0.188194 0.059375
7 0.499653 0.644141 0.320139 0.180469
16 0.499653 0.643945 0.320139 0.180078
5 0.610764 0.582617 0.072917 0.041016
3 0.499306 0.616406 0.197222 0.098437
0 0.499653 0.691016 0.232639 0.059375
7 0.820139 0.644141 0.320833 0.180469
16 0.820139 0.644141 0.320833 0.180469
5 0.931597 0.582617 0.072917 0.041016
5 0.820139 0.616602 0.197222 0.098828
0 0.819792 0.691406 0.235417 0.059375
7 0.179514 0.824414 0.320139 0.180078
16 0.179514 0.824414 0.320139 0.180078
5 0.290625 0.763086 0.072917 0.041016
3 0.179167 0.796875 0.197222 0.098437
0 0.179514 0.871484 0.152083 0.059375
7 0.499653 0.824414 0.320139 0.180078
16 0.499653 0.824414 0.320139 0.180078
5 0.610764 0.763086 0.072917 0.041016
3 0.499306 0.796875 0.197222 0.098437
0 0.499306 0.871484 0.211111 0.059375
7 0.085417 0.924414 0.131944 0.019922
5 0.127778 0.879687 0.058333 0.043750
0 0.128125 0.917969 0.124306 0.028125
5 0.375694 0.878320 0.058333 0.041016
0 0.375694 0.916602 0.097222 0.035547
3 0.623611 0.879687 0.058333 0.043750
0 0.623958 0.917969 0.211806 0.028125
3 0.871528 0.879687 0.058333 0.043750
0 0.871528 0.917969 0.080556 0.028125