4 0.500000 0.071094 1.000000 0.076563
0 0.281250 0.070898 0.212500 0.036328
5 0.068056 0.071094 0.136111 0.076563
7 0.500000 0.249414 1.000000 0.280078
0 0.500000 0.354492 0.922222 0.069922
3 0.286111 0.205078 0.223611 0.125781
0 0.285764 0.288281 0.085417 0.029687
3 0.713889 0.205078 0.223611 0.125781
0 0.713542 0.288281 0.127083 0.029687
7 0.500000 0.442188 1.000000 0.105469
5 0.082639 0.441992 0.087500 0.035547
17 0.941667 0.441992 0.077778 0.068359
0 0.286111 0.426367 0.241667 0.037891
0 0.362847 0.461133 0.395139 0.031641
7 0.500000 0.547656 1.000000 0.105469
5 0.082639 0.547461 0.087500 0.048047
5 0.939236 0.547461 0.111806 0.062891
0 0.492708 0.566602 0.654861 0.031641
17 0.853819 0.547461 0.059028 0.068359
0 0.494792 0.531836 0.659028 0.037891
7 0.500000 0.653125 1.000000 0.105469
5 0.082639 0.652930 0.087500 0.048047
5 0.939236 0.652930 0.111806 0.062891
0 0.418750 0.672070 0.506944 0.031641
17 0.853819 0.652930 0.059028 0.068359
0 0.494792 0.637305 0.659028 0.037891
7 0.500000 0.758594 1.000000 0.105469
5 0.082639 0.758398 0.087500 0.048047
5 0.939236 0.758398 0.111806 0.062891
0 0.490972 0.777539 0.651389 0.031641
17 0.853819 0.758398 0.059028 0.068359
0 0.494792 0.742773 0.659028 0.037891
7 0.500000 0.864062 1.000000 0.105469
3 0.082639 0.863867 0.087500 0.048047
5 0.939236 0.863867 0.111806 0.062891
0 0.493750 0.883008 0.656944 0.031641
17 0.853819 0.863867 0.059028 0.068359
0 0.494792 0.848242 0.659028 0.037891
7 0.500000 0.925586 1.000000 0.017578