4 0.500000 0.071094 1.000000 0.076563
0 0.258333 0.070898 0.166667 0.036328
5 0.068056 0.071094 0.136111 0.076563
7 0.500000 0.387500 1.000000 0.556250
0 0.500000 0.405469 1.000000 0.042188
0 0.500000 0.456250 0.902778 0.059375
1 0.500000 0.534570 0.204167 0.053516
3 0.500000 0.288672 0.223611 0.125781
0 0.500000 0.620898 1.000000 0.075391
0 0.179167 0.138867 0.191667 0.031641
0 0.499653 0.138867 0.157639 0.031641
0 0.820139 0.138867 0.120833 0.031641
7 0.500000 0.718359 1.000000 0.105469
3 0.082639 0.718164 0.087500 0.047266
5 0.939236 0.718164 0.111806 0.062891
0 0.277778 0.737305 0.225000 0.031641
0 0.524306 0.702539 0.718056 0.037891
7 0.500000 0.823828 1.000000 0.105469
3 0.082639 0.823633 0.087500 0.051172
5 0.939236 0.823633 0.111806 0.062891
0 0.229514 0.842773 0.128472 0.031641
0 0.524306 0.808008 0.718056 0.037891
7 0.500000 0.905469 1.000000 0.057813
5 0.082639 0.919922 0.087500 0.028906
3 0.939236 0.916016 0.111806 0.036719
0 0.318403 0.933398 0.306250 0.001953
0 0.524306 0.913477 0.718056 0.037891