4 0.500000 0.071094 1.000000 0.076563
0 0.279514 0.070898 0.209028 0.036328
5 0.068056 0.071094 0.136111 0.076563
7 0.500000 0.156055 1.000000 0.093359
5 0.082639 0.134766 0.087500 0.050781
5 0.939236 0.137695 0.111806 0.056641
0 0.482639 0.153516 0.634722 0.059375
5 0.841667 0.139063 0.083333 0.059375
0 0.482639 0.116602 0.634722 0.014453
7 0.500000 0.270117 1.000000 0.134766
5 0.082639 0.269336 0.087500 0.051172
5 0.939236 0.269336 0.111806 0.062891
0 0.482639 0.288281 0.634722 0.059375
5 0.841667 0.269336 0.083333 0.068359
0 0.482639 0.239648 0.634722 0.037891
7 0.500000 0.404883 1.000000 0.134766
3 0.082639 0.403906 0.087500 0.049219
5 0.939236 0.404102 0.111806 0.062891
0 0.482639 0.423047 0.634722 0.059375
5 0.841667 0.404102 0.083333 0.068359
0 0.482639 0.374414 0.634722 0.037891
7 0.500000 0.539648 1.000000 0.134766
3 0.082639 0.538867 0.087500 0.051172
5 0.939236 0.538867 0.111806 0.062891
0 0.482639 0.557813 0.634722 0.059375
5 0.841667 0.538867 0.083333 0.068359
0 0.482639 0.509180 0.634722 0.037891
7 0.500000 0.648242 1.000000 0.082422
0 0.500000 0.644727 1.000000 0.075391
7 0.500000 0.756836 1.000000 0.134766
3 0.082639 0.755859 0.087500 0.049219
5 0.939236 0.756055 0.111806 0.062891
0 0.482639 0.775000 0.634722 0.059375
5 0.841667 0.756055 0.083333 0.068359
0 0.482639 0.726367 0.634722 0.037891
7 0.500000 0.879297 1.000000 0.110156
3 0.082639 0.890820 0.087500 0.047266
5 0.939236 0.890820 0.111806 0.062891
0 0.482639 0.907227 0.634722 0.054297
5 0.841667 0.890820 0.083333 0.068359
0 0.482639 0.861133 0.634722 0.037891