4 0.500000 0.071094 1.000000 0.076563
0 0.279514 0.070898 0.209028 0.036328
5 0.068056 0.071094 0.136111 0.076563
5 0.893056 0.874219 0.136111 0.076563
7 0.500000 0.150586 1.000000 0.082422
0 0.500000 0.147070 1.000000 0.075391
7 0.500000 0.245312 1.000000 0.107031
3 0.082639 0.244531 0.087500 0.049219
5 0.939236 0.244336 0.111806 0.062891
0 0.301042 0.263477 0.271528 0.031641
5 0.841667 0.244336 0.083333 0.068359
0 0.482639 0.228711 0.634722 0.037891
7 0.500000 0.352344 1.000000 0.107031
3 0.082639 0.351562 0.087500 0.049219
5 0.939236 0.351367 0.111806 0.062891
0 0.360417 0.370508 0.390278 0.031641
5 0.841667 0.351367 0.083333 0.068359
0 0.482639 0.335742 0.634722 0.037891
7 0.500000 0.459375 1.000000 0.107031
5 0.082639 0.458594 0.087500 0.049219
5 0.939236 0.458398 0.111806 0.062891
0 0.294444 0.477539 0.258333 0.031641
5 0.841667 0.458398 0.083333 0.068359
0 0.482639 0.442773 0.634722 0.037891
7 0.500000 0.554102 1.000000 0.082422
0 0.500000 0.550586 1.000000 0.075391
7 0.500000 0.648828 1.000000 0.107031
5 0.082639 0.647852 0.087500 0.051172
5 0.939236 0.647852 0.111806 0.062891
0 0.427778 0.666992 0.525000 0.031641
17 0.853819 0.647852 0.059028 0.068359
0 0.494792 0.632227 0.659028 0.037891
7 0.500000 0.769727 1.000000 0.134766
3 0.082639 0.768945 0.087500 0.051172
5 0.939236 0.768945 0.111806 0.062891
0 0.482639 0.787891 0.634722 0.059375
5 0.841667 0.768945 0.083333 0.068359
0 0.482639 0.739258 0.634722 0.037891
7 0.500000 0.885742 1.000000 0.097266
5 0.082639 0.903711 0.087500 0.051172
3 0.939236 0.903320 0.111806 0.062109
0 0.482639 0.913672 0.634722 0.041406
3 0.841667 0.901953 0.083333 0.064844
0 0.482639 0.874023 0.634722 0.037891