4 0.500000 0.071094 1.000000 0.076563
0 0.288889 0.070898 0.227778 0.036328
5 0.068056 0.071094 0.136111 0.076563
5 0.941667 0.071094 0.116667 0.065625
16 0.500000 0.186328 0.961111 0.153906
0 0.294792 0.124219 0.497917 0.029687
5 0.197222 0.174609 0.068056 0.049219
0 0.196875 0.220508 0.168750 0.031641
3 0.500000 0.174609 0.068056 0.049219
0 0.500000 0.220508 0.241667 0.031641
5 0.802778 0.174609 0.068056 0.049219
0 0.802431 0.220508 0.147917 0.031641
16 0.500000 0.413672 0.961111 0.278906
0 0.242361 0.322266 0.393056 0.064062
7 0.272917 0.440430 0.320833 0.193359
3 0.272569 0.410742 0.199306 0.112109
0 0.272917 0.496484 0.243056 0.059375
7 0.727083 0.440430 0.320833 0.193359
3 0.726736 0.410742 0.199306 0.112109
0 0.727083 0.496484 0.243056 0.059375
16 0.500000 0.694141 0.961111 0.260156
0 0.251736 0.612109 0.411806 0.064062
3 0.295486 0.720508 0.075694 0.042578
0 0.547222 0.720508 0.388889 0.087109
16 0.500000 0.884766 0.961111 0.099219
0 0.276042 0.883203 0.460417 0.064062