4 0.500000 0.071094 1.000000 0.076563
0 0.130903 0.070898 0.184028 0.036328
5 0.844444 0.071094 0.116667 0.065625
5 0.951389 0.071094 0.097222 0.065625
3 0.500000 0.855078 1.000000 0.005469
1 0.568056 0.354687 0.680556 0.382812
3 0.127778 0.878320 0.058333 0.041016
0 0.128125 0.916602 0.145139 0.035547
5 0.375694 0.879687 0.058333 0.043750
0 0.375694 0.917969 0.083333 0.028125
3 0.623611 0.879687 0.058333 0.043750
0 0.623958 0.917969 0.211806 0.028125
3 0.871528 0.879687 0.058333 0.043750
0 0.871528 0.917969 0.080556 0.028125
3 0.082639 0.636914 0.087500 0.035547
5 0.082639 0.709570 0.087500 0.035547
3 0.082639 0.782227 0.087500 0.035547
0 0.859722 0.636914 0.202778 0.037891
0 0.259028 0.636914 0.187500 0.037891
0 0.947222 0.709570 0.027778 0.037891
0 0.249653 0.709570 0.168750 0.037891
0 0.840278 0.782227 0.241667 0.037891
0 0.273264 0.782227 0.215972 0.037891