4 0.500000 0.071094 1.000000 0.076563
0 0.258681 0.070898 0.167361 0.036328
5 0.068056 0.071094 0.136111 0.076563
7 0.500000 0.144336 1.000000 0.069922
0 0.500000 0.144336 1.000000 0.069922
7 0.500000 0.232031 1.000000 0.105469
3 0.082639 0.232031 0.087500 0.033594
17 0.922222 0.231836 0.077778 0.068359
0 0.305556 0.250977 0.280556 0.031641
0 0.209722 0.216211 0.088889 0.037891
7 0.500000 0.337500 1.000000 0.105469
3 0.082639 0.337500 0.087500 0.032813
17 0.922222 0.337305 0.077778 0.068359
0 0.317361 0.356445 0.304167 0.031641
0 0.212500 0.321680 0.094444 0.037891
7 0.500000 0.442969 1.000000 0.105469
5 0.082639 0.442969 0.087500 0.032813
17 0.922222 0.442773 0.077778 0.068359
0 0.317361 0.461914 0.304167 0.031641
0 0.228472 0.427148 0.126389 0.037891
7 0.500000 0.548438 1.000000 0.105469
3 0.082639 0.548438 0.087500 0.033594
17 0.922222 0.548242 0.077778 0.068359
0 0.317361 0.567383 0.304167 0.031641
0 0.215278 0.532617 0.100000 0.037891
7 0.500000 0.653906 1.000000 0.105469
3 0.082639 0.653906 0.087500 0.033594
17 0.922222 0.653711 0.077778 0.068359
0 0.317361 0.672852 0.304167 0.031641
0 0.210417 0.638086 0.090278 0.037891
7 0.500000 0.749805 1.000000 0.086328