4 0.500000 0.071094 1.000000 0.076563
0 0.286111 0.070898 0.222222 0.036328
5 0.068056 0.071094 0.136111 0.076563
0 0.500000 0.730859 1.000000 0.027344
0 0.180556 0.159375 0.361111 0.045312
0 0.151736 0.214648 0.225694 0.037891
2 0.903472 0.214648 0.115278 0.037109
0 0.500000 0.285156 1.000000 0.075781
0 0.152778 0.407422 0.305556 0.045312
0 0.176736 0.462695 0.275694 0.037891
0 0.746181 0.462695 0.395139 0.037891
0 0.192014 0.527930 0.306250 0.037891
0 0.862500 0.527930 0.162500 0.037891
0 0.115972 0.593164 0.154167 0.037891
0 0.845833 0.593164 0.195833 0.037891
0 0.111806 0.658398 0.145833 0.037891
0 0.845833 0.658398 0.195833 0.037891