0 0.112179 0.087765 0.019231 0.045713
0 0.194444 0.180008 0.026709 0.079998
0 0.223825 0.178375 0.018162 0.057141
0 0.163996 0.181641 0.021368 0.066937
0 0.135150 0.183273 0.019231 0.053876
0 0.104968 0.188987 0.022970 0.065304
0 0.273771 0.090214 0.015491 0.037550
0 0.863248 0.188987 0.016026 0.045713
0 0.897970 0.184906 0.021368 0.066937
0 0.807692 0.321229 0.024573 0.065304
0 0.733974 0.744076 0.019231 0.078365
1 0.502137 0.482858 0.282051 0.267748
1 0.718483 0.310617 0.034188 0.050611
1 0.762019 0.313066 0.042201 0.058774
1 0.290598 0.188987 0.110043 0.039183
1 0.146100 0.089398 0.046474 0.039183
1 0.437233 0.927744 0.078526 0.050611
1 0.556090 0.928561 0.091880 0.055509
2 0.505876 0.736729 0.520299 0.151833
0 0.832799 0.028175 0.026709 0.053876
0 0.858440 0.027557 0.025641 0.055113
0 0.892895 0.029189 0.045406 0.058378