1 0.1670859307050705 0.628300666809082 0.06132866069674492 0.03029315173625946
0 0.26868489384651184 0.13338890671730042 0.025422362610697746 0.033463142812252045
0 0.6197167038917542 0.1326671689748764 0.022761421278119087 0.03279160335659981
0 0.12835298478603363 0.365782767534256 0.01844298280775547 0.025958191603422165
0 0.3675861358642578 0.13258810341358185 0.027953948825597763 0.031597383320331573
0 0.4750114381313324 0.13400782644748688 0.02551235258579254 0.029555443674325943
1 0.34494155645370483 0.47306859493255615 0.07646653801202774 0.020096251741051674
0 0.1282152533531189 0.4956185817718506 0.014229259453713894 0.026096221059560776
0 0.12798310816287994 0.5920456647872925 0.017075520008802414 0.022466856986284256
1 0.16976110637187958 0.33422520756721497 0.06829547882080078 0.025511566549539566
1 0.1565716415643692 0.49484333395957947 0.039754219353199005 0.023682495579123497
0 0.2324317991733551 0.8889968395233154 0.01986900344491005 0.02422460913658142
1 0.2443864494562149 0.014857851900160313 0.04545503482222557 0.021732229739427567
0 0.1279139667749405 0.32995787262916565 0.018008822575211525 0.025884125381708145
0 0.4018689692020416 0.1338418573141098 0.032991524785757065 0.03161529451608658
1 0.1585036814212799 0.8544284105300903 0.04461822658777237 0.023258056491613388
0 0.6744014024734497 0.1308903992176056 0.03461700305342674 0.038971465080976486
0 0.12788400053977966 0.7896948456764221 0.01687697321176529 0.02760736085474491
0 0.12715035676956177 0.8543318510055542 0.014704609289765358 0.02712414599955082
1 0.15673713386058807 0.5309548377990723 0.045883990824222565 0.024298401549458504
0 0.1273101270198822 0.4291093051433563 0.015487032011151314 0.023347260430455208
0 0.5440512299537659 0.1345953494310379 0.025216178968548775 0.029777800664305687
1 0.16699878871440887 0.43247249722480774 0.06496864557266235 0.02211865223944187
0 0.7584086656570435 0.012648846954107285 0.02051597647368908 0.02529769390821457
1 0.059602923691272736 0.014661168679594994 0.0403551310300827 0.023013591766357422
0 0.12784874439239502 0.268656849861145 0.018208445981144905 0.023114411160349846
0 0.12771598994731903 0.7256261110305786 0.01675061136484146 0.02524450607597828
1 0.1681089848279953 0.7270390391349792 0.06314874440431595 0.02677929773926735
0 0.14411352574825287 0.13546566665172577 0.020529337227344513 0.027935806661844254
0 0.12835972011089325 0.29864320158958435 0.01725970208644867 0.023613128811120987
1 0.1600039154291153 0.8919678926467896 0.04993033409118652 0.025991637259721756
1 0.15803062915802002 0.2703346908092499 0.049585483968257904 0.024498840793967247
0 0.4399971112967357 0.1336351782083511 0.0282147604255231 0.02731647528707981
0 0.021732719615101814 0.015063024125993252 0.016830340027809143 0.02159426547586918
1 0.15998722612857819 0.5945376753807068 0.047839898616075516 0.02149352990090847
0 0.1272118240594864 0.7557426691055298 0.016657009720802307 0.026431579142808914
0 0.23175370693206787 0.8547664284706116 0.019673729315400124 0.023226074874401093
0 0.12776482105255127 0.5273695588111877 0.015670834109187126 0.02674206532537937
0 0.12720249593257904 0.6250900626182556 0.01933351531624794 0.02720440737903118
0 0.12738952040672302 0.8871420621871948 0.0176569651812315 0.029636230319738388
0 0.8582399487495422 0.013807589188218117 0.018178405240178108 0.022879576310515404
1 0.16339772939682007 0.7920240759849548 0.053760137408971786 0.021294860169291496
1 0.23421309888362885 0.17277200520038605 0.035664234310388565 0.017678039148449898
0 0.8780926465988159 0.01287368405610323 0.015224304050207138 0.021698718890547752
1 0.1357468217611313 0.20800301432609558 0.04431792348623276 0.019498825073242188
0 0.3346867263317108 0.13403445482254028 0.017323799431324005 0.02414064109325409
1 0.16062308847904205 0.3695032298564911 0.047505054622888565 0.020404480397701263
0 0.5092681050300598 0.13429151475429535 0.026919478550553322 0.026107657700777054
1 0.13971181213855743 0.23595529794692993 0.04208941385149956 0.025664474815130234
1 0.13229583203792572 0.6658491492271423 0.037317655980587006 0.019408386200666428
0 0.12741225957870483 0.6935507655143738 0.018196726217865944 0.01858380064368248
0 0.23207493126392365 0.7907946705818176 0.02281583845615387 0.026068665087223053
1 0.4197145402431488 0.8975057601928711 0.0662410706281662 0.022826721891760826
0 0.837065577507019 0.013914666138589382 0.01691444404423237 0.022885695099830627
0 0.7067344784736633 0.13372394442558289 0.025362014770507812 0.026645652949810028
0 0.5098362565040588 0.1335679590702057 0.0271440502256155 0.028005043044686317
0 0.33394181728363037 0.3493935167789459 0.2083299607038498 0.31272509694099426
0 0.1282414197921753 0.39629340171813965 0.018770551308989525 0.023059234023094177
1 0.2892914116382599 0.014067882671952248 0.03144079074263573 0.022571677342057228
0 0.4473578929901123 0.0958079844713211 0.01774696260690689 0.018544593825936317
1 0.05470960959792137 0.8835178017616272 0.1067802906036377 0.09195733815431595
1 0.1600986123085022 0.8914300203323364 0.051796283572912216 0.027906494215130806
1 0.1373767852783203 0.2067227065563202 0.04384970664978027 0.020750945433974266
0 0.1280605670103093 0.8260309278350516 0.01557130584192441 0.028350515463917533
0 0.1277920962199313 0.5614261168384881 0.017182130584192493 0.02835051546391755
0 0.1277920962199313 0.4634879725085911 0.018256013745704482 0.031786941580756005
1 0.1594716494845361 0.3032646048109966 0.04295532646048113 0.024054982817869365
1 0.17235824742268044 0.39991408934707906 0.06765463917525773 0.01975945017182127
1 0.17101589347079038 0.4634879725085911 0.060674398625429546 0.021477663230240508
1 0.15759235395189006 0.5652920962199314 0.04349226804123711 0.022336769759450092
1 0.18524484536082475 0.6950171821305843 0.0966494845360825 0.024054982817869473
1 0.17101589347079038 0.7585910652920963 0.06389604810996564 0.018900343642611686
1 0.16081400343642613 0.8264604810996563 0.048861683848797244 0.024054982817869473
0 0.23115335051546396 0.8256013745704468 0.013423539518900362 0.025773195876288638
0 0.2692762027491409 0.8994845360824741 0.011275773195876297 0.022336769759450304
0 0.30954682130584193 0.9016323024054982 0.015571305841924392 0.026632302405498364
0 0.3839132302405499 0.8981958762886596 0.013960481099656242 0.030068728522336684
1 0.34149484536082475 0.9003436426116838 0.0483247422680412 0.025773195876288638
0 0.3718320446735396 0.9003436426116838 0.008054123711340183 0.022336769759450162
0 0.29666022336769765 0.9012027491408935 0.008054123711340217 0.018900343642611686
1 0.28404209621993126 0.8990549828178693 0.017182130584192448 0.02147766323024058
1 0.4990871993127148 0.9265463917525772 0.1583977663230241 0.023195876288659746
0 0.8435352233676977 0.9256872852233675 0.07087628865979397 0.024914089347079057
1 0.48727448453608263 0.17568728522336768 0.09933419243986258 0.026632302405498295
0 0.1237650343642612 0.13530927835051546 0.01771907216494844 0.02319587628865978
0 0.11812714776632305 0.09793814432989696 0.013960481099656377 0.020618556701030983
0 0.14980670103092786 0.10008591065292098 0.0161082474226804 0.0231958762886598
0 0.13396692439862545 0.10008591065292097 0.01127577319587628 0.019759450171821305
1 0.09960266323024054 0.014604810996563572 0.023088487972508585 0.020618556701030924
1 0.13047680412371135 0.015034364261168382 0.02469931271477664 0.021477663230240543
1 0.16967353951890032 0.01632302405498282 0.03436426116838486 0.027491408934707903
1 0.20296391752577314 0.014604810996563572 0.025773195876288634 0.02233676975945017
0 0.6921176975945018 0.01675257731958763 0.02147766323024058 0.02663230240549828
0 0.7149377147766325 0.018041237113402064 0.020940721649484573 0.02920962199312715
0 0.7366838487972509 0.014604810996563572 0.016108247422680366 0.029209621993127145
0 0.7753436426116839 0.13359106529209622 0.012886597938144461 0.021477663230240543
1 0.8056808419243987 0.1331615120274914 0.03812285223367695 0.020618556701030924
1 0.7404424398625429 0.1731099656357388 0.06013745704467354 0.01632302405498283
0 0.8757517182130584 0.1761168384879725 0.013960481099656476 0.024054982817869438
0 0.9034042096219932 0.011597938144329897 0.01986683848797256 0.023195876288659795
0 0.929982817869416 0.01589347079037801 0.013960481099656679 0.023195876288659795
0 0.9522658934707904 0.01374570446735395 0.015571305841924296 0.0274914089347079
0 0.9761597938144331 0.01331615120274914 0.02577319587628878 0.02663230240549828
1 0.8003114261168386 0.014175257731958761 0.048861683848797244 0.02663230240549828
0 0.29236469072164945 0.13530927835051546 0.017719072164948425 0.024914089347079057
0 0.3133054123711341 0.13487972508591065 0.017719072164948457 0.02920962199312715
