0 0.44549235701560974 0.9811038970947266 0.023624131456017494 0.026748627424240112
0 0.9618435502052307 0.9819168448448181 0.02582135610282421 0.03284769877791405
0 0.23221555352210999 0.9809540510177612 0.025545502081513405 0.028648125007748604
0 0.11932849138975143 0.0293107982724905 0.025813868269324303 0.03173480182886124
0 0.8013026118278503 0.9812367558479309 0.024644019082188606 0.031262148171663284
0 0.1433236300945282 0.031739287078380585 0.01863941177725792 0.02149423211812973
1 0.3797229826450348 0.20026016235351562 0.05591302737593651 0.028465019538998604
0 0.09098781645298004 0.02965068258345127 0.023814653977751732 0.031871818006038666
0 0.06480894982814789 0.028711341321468353 0.024622082710266113 0.031595610082149506
0 0.9137586355209351 0.029183464124798775 0.024713320657610893 0.03367118537425995
1 0.2098200023174286 0.03099679760634899 0.0919136255979538 0.036225978285074234
0 0.0420650988817215 0.14072991907596588 0.028800668194890022 0.0390726774930954
0 0.9511394500732422 0.14529967308044434 0.04584956169128418 0.06406079977750778
0 0.015293402597308159 0.9823614954948425 0.028112560510635376 0.03356566280126572
0 0.14943702518939972 0.12881647050380707 0.025873830541968346 0.03287357836961746
0 0.20004872977733612 0.20201390981674194 0.02771206758916378 0.03654251992702484
1 0.763627290725708 0.9851648807525635 0.044212471693754196 0.024764392524957657
1 0.10697124153375626 0.19850727915763855 0.04662791267037392 0.02491729147732258
0 0.25961723923683167 0.20181623101234436 0.025415509939193726 0.03621269017457962
0 0.1962384303340268 0.1449102641204387 0.0270153398173953 0.04032604896835683
0 0.06416179239749908 0.027592139318585396 0.025009965524077415 0.032706119120121
0 0.9918028116226196 0.2968900501728058 0.01639438420534134 0.026152171194553375
0 0.9634745717048645 0.07816838473081589 0.020307442173361778 0.024843664839863777
0 0.22775202989578247 0.1463760882616043 0.034188706427812576 0.03650401532649994
0 0.9891349077224731 0.07869056612253189 0.02112213522195816 0.03271285071969032
0 0.7344210147857666 0.13020025193691254 0.022999310865998268 0.029803866520524025
0 0.23159530758857727 0.2008424997329712 0.027025746181607246 0.0326533205807209
1 0.11462608724832535 0.08261729031801224 0.05046450346708298 0.02925783209502697
1 0.2099120169878006 0.029242580756545067 0.09858759492635727 0.038982540369033813
1 0.1277012676000595 0.26108667254447937 0.05110817775130272 0.03120448999106884
1 0.5523436069488525 0.19604529440402985 0.04558495432138443 0.0291802566498518
0 0.09015798568725586 0.028007542714476585 0.024473262950778008 0.03310396894812584
1 0.186365008354187 0.08164357393980026 0.039568301290273666 0.02555273100733757
0 0.0272170752286911 0.027988670393824577 0.03594398871064186 0.039028752595186234
0 0.9716030359268188 0.02788344770669937 0.030759530141949654 0.036447588354349136
0 0.11939742416143417 0.027678346261382103 0.025882655754685402 0.03371793031692505
0 0.950468003749847 0.21025944923321271 0.03725357353687286 0.05460649269242834
1 0.22994111478328705 0.25921469926834106 0.04246971011161804 0.03221637010574341
0 0.2590813844674805 0.14486356340288925 0.023053852007699584 0.03611556982343501
0 0.37846740379306737 0.141653290529695 0.049950012683348956 0.06982343499197433
0 0.42128170037879514 0.1328250401284109 0.025798358199092344 0.04093097913322635
0 0.43802318814629126 0.13081861958266452 0.009880222289014142 0.016051364365971103
0 0.4388465400037091 0.16974317817014445 0.01152692600384981 0.012038523274478302
0 0.422105052236213 0.17656500802568217 0.02854286439048515 0.03531300160513643
0 0.31287370581877944 0.14807383627608348 0.04720550649195619 0.0698234349919743
0 0.48522869463824747 0.14446227929373998 0.05489012382785603 0.07062600321027288
0 0.5541158000422066 0.1456661316211878 0.045558802777120565 0.07142857142857145
0 0.6057125164403915 0.1440609951845907 0.0444610003005635 0.07142857142857144
0 0.6493501648835369 0.13081861958266452 0.029640666867042285 0.04654895666131619
0 0.6792652823697185 0.13081861958266452 0.030189568105320887 0.04494382022471911
0 0.708082597379343 0.13162118780096307 0.027445061913928016 0.043338683788122
0 0.7349787580549924 0.1276083467094703 0.030738469343599348 0.041733547351524895
0 0.7662661286368703 0.12921348314606743 0.029640666867042427 0.04173354735152488
0 0.79316228931252 0.13202247191011238 0.02524945696081393 0.03932584269662921
0 0.8222540549412836 0.13242375601926162 0.03183627182015655 0.04333868378812198
0 0.8521691724274651 0.12881219903691815 0.02689616067564927 0.03772070626003213
0 0.8793397837222536 0.12640449438202248 0.030738469343599348 0.03772070626003209
0 0.9095293518275747 0.12841091492776888 0.03183627182015655 0.03852327447833068
0 0.8551881292379971 0.02768860353130016 0.018662642101471078 0.024879614767255216
0 0.9089804505892964 0.17455858747993575 0.03073846934359935 0.040930979133226304
0 0.6488012636452584 0.17897271268057785 0.029640666867042212 0.04012841091492776
0 0.6792652823697185 0.1761637239165329 0.02799396315220662 0.03932584269662918
0 0.7064358936645072 0.17656500802568217 0.023053852007699476 0.040128410914927776
0 0.7333320543401568 0.17134831460674158 0.03073846934359949 0.04253611556982344
0 0.7662661286368704 0.17576243980738362 0.02854286439048508 0.038523274478330656
0 0.7948089930273556 0.17656500802568217 0.026347259437370808 0.03691813804173357
0 0.8233518574178408 0.17776886035313003 0.03293407429671376 0.039325842696629254
0 0.8527180736657436 0.17736757624398072 0.032385173058435156 0.040128410914927796
0 0.8776930800074182 0.17335473515248798 0.02634725943737095 0.03852327447833069
0 0.6479779117878405 0.21829855537720708 0.029091765628763682 0.04173354735152486
0 0.6795397329888578 0.21990369181380415 0.02854286439048522 0.041733547351524895
0 0.7086314986176215 0.21749598715890855 0.02634725943737095 0.040128410914927776
0 0.7360765605315497 0.2170947030497592 0.03183627182015656 0.042536115569823396
0 0.7626982705880597 0.2142857142857143 0.029091765628763824 0.041733547351524895
0 0.7937111905507984 0.2178972712680578 0.03293407429671362 0.04574638844301766
0 0.8222540549412836 0.2195024077046549 0.03183627182015655 0.03772070626003209
0 0.8502480180934902 0.2158908507223114 0.030738469343599348 0.04494382022471911
0 0.8798886849605324 0.21709470304975922 0.030738469343599344 0.04093097913322634
0 0.9130972098763854 0.21709470304975922 0.029091765628763682 0.04093097913322634
1 0.48467979339996886 0.19462279293739967 0.030738469343599348 0.023274478330658113
1 0.6057125164403914 0.1962279293739968 0.04226539534744909 0.024879614767255198
0 0.48413089216169025 0.2243178170144462 0.013173629718685404 0.013643659711075421
1 0.6076336707743664 0.22351524879614765 0.010978024765571207 0.020064205457463905
1 0.553292448184789 0.2239165329052969 0.01317362971868561 0.02407704654895654
1 0.7541903013947422 0.26324237560192615 0.0570857287809703 0.040128410914927776
1 0.401521255800767 0.2624398073836276 0.0543412225895775 0.03370786516853929
0 0.3801141075079031 0.22231139646869985 0.014820333433521142 0.012841091492776896
0 0.31342260705705804 0.22030497592295348 0.017564839624913908 0.016853932584269662
1 0.3120503539613616 0.1962279293739968 0.049950012683349 0.024879614767255198
0 0.15177119238402198 0.21508828250401288 0.02250495076942098 0.028892455858748
0 0.10813354394087639 0.22391653290529687 0.010978024765571217 0.016051364365971002
0 0.04089314225175276 0.22070626003210272 0.010429123527292644 0.006420545746388448
0 0.04199094472830987 0.19502407704654892 0.06531924735514869 0.028892455858748
0 0.10758464270259786 0.14486356340288925 0.04830330896851331 0.06179775280898875
0 0.15122229114574343 0.1673354735152488 0.025798358199092347 0.029695024077046543
0 0.992962340045916 0.9442215088282504 0.013173629718685197 0.026484751203852477
1 0.8798886849605324 0.9807383627608346 0.029640666867042142 0.03852327447833076
1 0.5074591947885291 0.9835473515248796 0.09386211174563391 0.032905296950240845
