0 0.7901968955993652 0.03302803263068199 0.028408201411366463 0.031742390245199203
0 0.7315235137939453 0.03270036727190018 0.019242431968450546 0.027599887922406197
0 0.7072781324386597 0.030107537284493446 0.02172124572098255 0.026433207094669342
0 0.718915581703186 0.2587921619415283 0.020513029769062996 0.02799568511545658
1 0.7680454254150391 0.16521185636520386 0.0629492923617363 0.02458430640399456
0 0.7185944318771362 0.17944751679897308 0.025378547608852386 0.035218965262174606
1 0.7656919360160828 0.24161507189273834 0.05737767741084099 0.016583334654569626
1 0.760661780834198 0.2661474645137787 0.05086040124297142 0.016557032242417336
1 0.35523951053619385 0.9680516123771667 0.039530932903289795 0.020357757806777954
1 0.582521128128744 0.8796147672552164 0.4986562186316096 0.08507223113964696
1 0.5862043842890912 0.6392455858747994 0.5037561117767058 0.08426966292134835
1 0.3550092283780721 0.7283306581059389 0.04023249036686849 0.02166934189406092
1 0.33659294757633645 0.7941412520064205 0.21532882168183143 0.03451043338683789
1 0.3544425735841725 0.550561797752809 0.2487614545219053 0.028892455858747966
1 0.5133892432729982 0.42215088282504015 0.31506006540815334 0.07223113964686995
1 0.4643736036006865 0.21629213483146068 0.2884272900948743 0.11958266452648474
1 0.12919729300909885 0.02768860353130016 0.09179807661172815 0.03451043338683788
1 0.12834731081824954 0.05417335473515249 0.09576466016902505 0.015248796147672543
1 0.23062850111711947 0.031300160513643656 0.03626590680957161 0.024077046548956656
0 0.3711588900042095 0.03210272873194222 0.035132597221772456 0.019261637239165328
0 0.06006540815335299 0.03451043338683788 0.03626590680957162 0.052969502407704656
0 0.2583945860181977 0.2319422150882825 0.13146391218469705 0.17656500802568217
0 0.2586779134151475 0.03330658105939005 0.0096331314962924 0.02166934189406099
0 0.28587734352232624 0.6384430176565007 0.08329825470323474 0.10834670947030496
0 0.28956059968267334 0.8852327447833066 0.07819836155813874 0.1075441412520064
1 0.8947479195673996 0.030898876404494385 0.15979665187967498 0.029695024077046554
1 0.7754670854515431 0.1890048154093098 0.07649839717644014 0.0168539325842697
