1 0.2166679948568344 0.18587864935398102 0.030459193512797356 0.031665731221437454
1 0.23152267932891846 0.325156569480896 0.11671354621648788 0.04409696161746979
0 0.8560968041419983 0.11952777206897736 0.024735145270824432 0.034576304256916046
0 0.28844258189201355 0.18444597721099854 0.025866344571113586 0.037885308265686035
0 0.3268308639526367 0.1832566261291504 0.026396680623292923 0.04367455095052719
0 0.368885338306427 0.18197321891784668 0.027151215821504593 0.04132884368300438
0 0.7327999472618103 0.18523192405700684 0.02562536671757698 0.03971533849835396
0 0.4108882546424866 0.18299779295921326 0.03146449849009514 0.04481416568160057
0 0.4905705749988556 0.18193845450878143 0.025653021410107613 0.04104984551668167
0 0.6359499096870422 0.560272753238678 0.13622082769870758 0.25693368911743164
0 0.8105460405349731 0.18538710474967957 0.03017137013375759 0.04260306432843208
0 0.25449541211128235 0.19547297060489655 0.0258429367095232 0.043061282485723495
0 0.6918737292289734 0.18250064551830292 0.03179804980754852 0.04513270780444145
0 0.3485356867313385 0.8333574533462524 0.015349136665463448 0.02085290476679802
0 0.530232846736908 0.1845017969608307 0.02680479735136032 0.040852367877960205
0 0.451455295085907 0.18192808330059052 0.0234674159437418 0.04168860241770744
1 0.20716728270053864 0.2717783749103546 0.06515485048294067 0.04433847591280937
0 0.489825576543808 0.18034808337688446 0.026176942512392998 0.041785407811403275
0 0.8096461296081543 0.11903771013021469 0.025232946500182152 0.031457625329494476
1 0.2337799221277237 0.3842799961566925 0.12362268567085266 0.042248740792274475
0 0.1861645132303238 0.18325650691986084 0.02451593428850174 0.03947226330637932
0 0.76570063829422 0.11721999198198318 0.022567342966794968 0.024120282381772995
0 0.568001205996917 0.18669950738916255 0.02362197832123293 0.030541871921182278
0 0.6077290786280812 0.18866995073891624 0.02362197832123279 0.03448275862068964
0 0.6490675406902386 0.1896551724137931 0.02147452574657521 0.04433497536945815
0 0.7701301795865569 0.18817733990147784 0.025232567752225918 0.04729064039408868
0 0.858444166719348 0.19211822660098524 0.030064336045205378 0.03743842364532021
0 0.24722547765744823 0.8354679802955665 0.012347852304280807 0.023645320197044413
0 0.2614523509645544 0.8325123152709359 0.012884715447945148 0.017733990147783346
0 0.2764845189871571 0.8325123152709359 0.012884715447945254 0.015763546798029607
0 0.28829550814777355 0.8354679802955665 0.010737262873287605 0.01970443349753694
0 0.3033276761703762 0.8349753694581281 0.013958441735273936 0.016748768472906336
0 0.31782298104931456 0.8334975369458129 0.010737262873287676 0.015763546798029607
0 0.33231828592825285 0.8364532019704433 0.009663536585958922 0.017733990147783204
1 0.2168927100404106 0.12167487684729064 0.0805294715496574 0.03251231527093594
