0 0.015761112794280052 0.10660803318023682 0.023795969784259796 0.033264607191085815
0 0.852632462978363 0.05033112317323685 0.019535483792424202 0.02886633574962616
0 0.7873696684837341 0.049600083380937576 0.025128180161118507 0.03335534781217575
0 0.9096185564994812 0.04987798258662224 0.02091427892446518 0.030435096472501755
0 0.8813415169715881 0.050523992627859116 0.021423600614070892 0.02994808927178383
0 0.4531070291996002 0.05051838606595993 0.02410953864455223 0.028933363035321236
0 0.8236990571022034 0.05008326843380928 0.02193363755941391 0.03136441111564636
0 0.7283301949501038 0.05106170475482941 0.02064564637839794 0.03305048123002052
0 0.6439237594604492 0.05100339651107788 0.02703394927084446 0.03727341070771217
0 0.7586525082588196 0.05245545133948326 0.024076707661151886 0.029593126848340034
0 0.5197299718856812 0.053276997059583664 0.0298509132117033 0.0396856814622879
0 0.10232499241828918 0.053416572511196136 0.02802935242652893 0.03843613713979721
1 0.19361293105127605 0.2539739310741424 0.23158327813629692 0.028244320303201665
0 0.48284807801246643 0.05091452598571777 0.022498033940792084 0.02900429628789425
0 0.9402257800102234 0.05159109830856323 0.026820294559001923 0.035059552639722824
0 0.14306166768074036 0.10746922343969345 0.021348552778363228 0.02854810655117035
0 0.16491474211215973 0.0580439493060112 0.01813967153429985 0.02662266232073307
1 0.43031564922788346 0.3189891874790191 0.7057323532136004 0.025196684524416924
1 0.23373161256313324 0.011671905405819416 0.06761633604764938 0.023343810811638832
0 0.16400045156478882 0.054852064698934555 0.02041124366223812 0.03221509978175163
0 0.7005886435508728 0.05056639388203621 0.027036815881729126 0.03158789128065109
1 0.16924898326396942 0.011184725910425186 0.04159260913729668 0.022369451820850372
1 0.31930485367774963 0.011982466094195843 0.07093258947134018 0.023964932188391685
1 0.5120068981131751 0.48260915279388433 0.8760041805345147 0.03694547340273856
0 0.41659942269325256 0.05285537615418434 0.02713921293616295 0.03872230276465416
0 0.9843450784683228 0.9279764890670776 0.01885041780769825 0.025504952296614647
1 0.6863850951194763 0.0119320685043931 0.061416611075401306 0.0238641370087862
0 0.8231003284454346 0.050681717693805695 0.02099752612411976 0.028341710567474365
1 0.10132772475481033 0.18321430683135986 0.05008823052048683 0.029518241062760353
0 0.07315672188997269 0.05414044111967087 0.025346554815769196 0.03691951557993889
1 0.39456042647361755 0.011724337935447693 0.0621083527803421 0.023448675870895386
0 0.25415322184562683 0.051893200725317 0.027196764945983887 0.03393763676285744
0 0.1897270381450653 0.05231766030192375 0.02682565152645111 0.03721276670694351
0 0.9098938703536987 0.04938223585486412 0.02143044024705887 0.03245483338832855
1 0.6183601021766663 0.012044236995279789 0.05959545448422432 0.024088473990559578
0 0.0150209441781044 0.9278207421302795 0.017752794548869133 0.025293290615081787
0 0.019738607108592987 0.05857507884502411 0.02203144133090973 0.028390588238835335
1 0.11778981983661652 0.7318992018699646 0.08760973811149597 0.057044342160224915
0 0.048477787524461746 0.05145983397960663 0.019445503130555153 0.03238276392221451
0 0.01773388497531414 0.05586189404129982 0.024344954639673233 0.03194137290120125
1 0.5131776928901672 0.010663535445928574 0.049220066517591476 0.021327070891857147
0 0.6712754368782043 0.05126076564192772 0.024177543818950653 0.029690809547901154
1 0.29314841400438013 0.35238721966743486 0.4322201400171412 0.023087603971362128
1 0.11145436763763428 0.21934464573860168 0.06464358419179916 0.024790693074464798
0 0.5836151838302612 0.05116485059261322 0.02514628879725933 0.03427942097187042
1 0.08940016478300095 0.10917022824287415 0.12612929940223694 0.026292892172932625
0 0.6131753325462341 0.05033129081130028 0.019755588844418526 0.03218621388077736
0 0.9915468692779541 0.9813669919967651 0.01690628193318844 0.034943681210279465
0 0.9913340210914612 0.9840471744537354 0.01733190007507801 0.03190569952130318
0 0.0469641350209713 0.05329889431595802 0.02250475063920021 0.032518088817596436
0 0.13240091502666473 0.05415187031030655 0.022814422845840454 0.03136340528726578
1 0.40526033279656465 0.287519642460788 0.6559312936124531 0.028171953439962004
1 0.15968867418142782 0.15287427675508758 0.16049382716049382 0.029000540305843182
1 0.44739667203435324 0.3832214254700705 0.7391304347826088 0.027343366574080718
1 0.5013419216317767 0.41636490010531985 0.844873859366613 0.027343366574080718
1 0.1170155662909286 0.4486797878746879 0.08051529790660225 0.027343366574080718
1 0.3942565754159957 0.517866791175771 0.6392914653784219 0.034800648367011744
1 0.3663446054750403 0.5481102117804358 0.5813204508856683 0.029000540305843217
1 0.12157809983896943 0.5771107520862792 0.08749329039184114 0.03397206150113064
1 0.11755233494363929 0.6123256938862316 0.08051529790660225 0.03314347463524939
1 0.28985507246376807 0.6500263962838276 0.4240472356414385 0.030657714037605574
1 0.27133655394524964 0.6806841103214333 0.39023081052066566 0.029000540305843144
1 0.031937734836285564 0.7469710595919321 0.028448738593666135 0.03231488776936802
1 0.04455179817498658 0.9773182083069147 0.08803005904455179 0.037286408964655876
1 0.13311862587224904 0.9773182083069147 0.06870638754696726 0.03562923523289314
1 0.30864197530864196 0.9777325017398555 0.05152979066022542 0.029829127171724396
1 0.3714439076757918 0.9773182083069148 0.05045625335480409 0.033972061501130496
1 0.4428341384863124 0.9793896754716179 0.06977992485238865 0.03480064836701189
1 0.6945786366076221 0.9802182623374988 0.12560386473429958 0.03314347463524938
1 0.8048845947396671 0.9785610886057367 0.05099302200751467 0.03314347463524939
1 0.9543746645195921 0.9781467951727961 0.030059044551798166 0.03231488776936814
0 0.2241009125067096 0.05385814628228018 0.024154589371980676 0.036457822098774274
0 0.2847557702630167 0.05510102658110202 0.02630166398282325 0.04060075642818044
0 0.31857219538378956 0.05592961344698326 0.029522275899087447 0.040600756428180444
0 0.3502415458937198 0.0542724397152208 0.024154589371980676 0.03562923523289305
0 0.3840579710144928 0.053443852849339564 0.025228126677402044 0.03397206150113057
0 0.5507246376811594 0.055101026581102025 0.023617820719269957 0.03728640896465551
1 0.5638754696725712 0.012014509555277884 0.02844873859366615 0.019057497915268368
1 0.45652173913043476 0.013671683287040352 0.0445517981749866 0.027343366574080704
1 0.11486849168008588 0.014500270152921586 0.05367686527106816 0.02568619284231824
1 0.06226516371443909 0.013257389854099735 0.03864734299516909 0.02651477970819947
1 0.020665593129361243 0.013257389854099735 0.033816425120772944 0.02651477970819947
1 0.030864197530864196 0.7129989980908015 0.025228126677402037 0.024029019110555792
1 0.03166935050993022 0.6781983497237896 0.02683843263553408 0.02568619284231829
1 0.028717122920021473 0.6479549291191247 0.026301663982823405 0.02651477970819947
1 0.03032742887815351 0.6123256938862316 0.028448738593666124 0.024857605976437044
1 0.031132581857219534 0.5829108601474478 0.02898550724637681 0.03562923523289307
1 0.03166935050993022 0.5464530380486735 0.027911969940955447 0.03231488776936814
1 0.03166935050993022 0.5153810305781272 0.025764895330112714 0.029829127171724323
1 0.029522275899087493 0.48430902310758084 0.02147074610842727 0.025686192842318233
1 0.031132581857219534 0.44702261414292543 0.02898550724637681 0.037286408964655494
1 0.036231884057971016 0.4155363132394386 0.01771336553945249 0.025686192842318222
1 0.03488996242619431 0.3832214254700705 0.01825013419216318 0.029000540305843217
1 0.03462157809983897 0.35007795083482107 0.017713365539452495 0.024029019110555723
1 0.03650026838432636 0.3165201827666312 0.018250134192163175 0.02651477970819947
1 0.03515834675254965 0.2871053490278474 0.0177133655394525 0.025686192842318222
1 0.03650026838432635 0.251890407227895 0.01717659688674181 0.02817195343996193
1 0.03650026838432636 0.21791834572676438 0.018250134192163175 0.02651477970819947
1 0.03676865271068169 0.1860177513903369 0.015566290928609762 0.024029019110555792
1 0.03542673107890499 0.15245998332214694 0.017176596886741814 0.02817195343996193
0 0.7324208266237252 0.012014509555277888 0.016639828234031172 0.024029019110555775
0 0.9881910896403651 0.011600216122337269 0.016103059581320453 0.023200432244674538
