0 0.33679622411727905 0.6694973111152649 0.030100632458925247 0.04548289626836777
0 0.3370070159435272 0.6029971241950989 0.03381473943591118 0.05323054641485214
0 0.2718653976917267 0.7989236116409302 0.040886394679546356 0.060390107333660126
0 0.33714428544044495 0.4493235647678375 0.032609615474939346 0.04945232346653938
0 0.3367869555950165 0.5322991013526917 0.03166336566209793 0.04555114358663559
0 0.33668047189712524 0.3098781108856201 0.030221527442336082 0.04706701636314392
0 0.33716970682144165 0.38105976581573486 0.030687272548675537 0.04776688292622566
1 0.38919180631637573 0.1703641414642334 0.06070574373006821 0.05214441567659378
0 0.33691859245300293 0.24142767488956451 0.03319740295410156 0.05089311674237251
0 0.3378917872905731 0.17181631922721863 0.027128102257847786 0.0375458300113678
0 0.4917674660682678 0.7868947386741638 0.046921391040086746 0.06198224797844887
1 0.3950786888599396 0.3135034143924713 0.07887699455022812 0.04667407646775246
1 0.3449040949344635 0.10390713810920715 0.044754527509212494 0.03187931329011917
0 0.21561118960380554 0.7895248532295227 0.034935642033815384 0.05666346102952957
0 0.43461480736732483 0.7943255305290222 0.04024813696742058 0.07245834916830063
1 0.3995228409767151 0.24166470766067505 0.09047341346740723 0.05313451215624809
1 0.39619556069374084 0.3884587585926056 0.08180339634418488 0.0485527366399765
0 0.08874852955341339 0.17694993317127228 0.17749705910682678 0.35389986634254456
1 0.37847477570230914 0.45124282982791586 0.037579055743491664 0.042065009560229426
1 0.428132813649066 0.5363288718929254 0.13689513163700545 0.04971319311663478
1 0.4157854096190617 0.6037284894837476 0.11756876011178115 0.05066921606118548
1 0.4302801882629799 0.6763862332695985 0.1465583173996176 0.052581261950286805
0 0.1650794234446242 0.797323135755258 0.04348433593175469 0.07074569789674953
0 0.3255956758346816 0.7939770554493307 0.04563171054566851 0.06978967495219876
0 0.38062215031622304 0.7930210325047802 0.04509486689218996 0.07743785850860434
