0 0.9263549447059636 0.18972787449964548 0.06638890504837039 0.10245848079937037
0 0.8683974146842957 0.03799350932240486 0.03337575122714043 0.041669946163892746
1 0.29393506050109863 0.26233285665512085 0.051010992377996445 0.03650245815515518
0 0.02542688697576523 0.5640495419502258 0.028516333550214767 0.046795789152383804
0 0.027864161878824234 0.5115222930908203 0.037541650235652924 0.045756835490465164
0 0.05479121953248978 0.4760669469833374 0.015579262748360634 0.015816373750567436
1 0.3944336175918579 0.2604859173297882 0.059317927807569504 0.038317594677209854
1 0.18162078757345146 0.263636201620102 0.10417049327014816 0.03410768881440162
1 0.07168981432914734 0.2613407373428345 0.055940836668014526 0.03806900233030319
0 0.03077944740653038 0.03482215106487274 0.04304320365190506 0.0545525923371315
1 0.3405263125896454 0.10606729984283447 0.10165213793516159 0.032620105892419815
1 0.18001709878444672 0.18193921446800232 0.05863909795880318 0.016877958551049232
0 0.033563923090696335 0.10503257811069489 0.04586396738886833 0.041611965745687485
0 0.9791184067726135 0.3340393006801605 0.023477694019675255 0.02498510852456093
1 0.04794411361217499 0.411989688873291 0.06942244619131088 0.028625408187508583
0 0.12074654549360275 0.3850835859775543 0.022919896990060806 0.017406323924660683
1 0.6985813975334167 0.5658303499221802 0.17551986873149872 0.04171692952513695
1 0.04775792360305786 0.4113894999027252 0.0699940174818039 0.030956847593188286
1 0.8078979849815369 0.2642076015472412 0.05420168116688728 0.03465842083096504
1 0.7840036749839783 0.03819499537348747 0.02894056960940361 0.01730918139219284
1 0.24514973163604736 0.10458692908287048 0.060235645622015 0.03615867719054222
1 0.27963167428970337 0.3357350528240204 0.3164871633052826 0.03148844838142395
0 0.9554623365402222 0.0354386568069458 0.0396718792617321 0.04760478436946869
1 0.13819417357444763 0.10358237475156784 0.12236443907022476 0.03641856461763382
0 0.07253486663103104 0.19408297538757324 0.07143540680408478 0.10038942843675613
1 0.09246016293764114 0.5679969191551208 0.14481234550476074 0.04236486926674843
1 0.6016420125961304 0.26226040720939636 0.06002859026193619 0.03845033049583435
1 0.4629496465883953 0.4703125738887113 0.1467211288050151 0.03616154648028733
1 0.5007107170713638 0.2640449438202247 0.06844867930096761 0.038523274478330656
1 0.7083575509171562 0.2628410914927769 0.06959907727241245 0.03772070626003213
1 0.9280835634631194 0.2636436597110755 0.0672982813295231 0.03611556982343503
0 0.806141378489967 0.1962279293739968 0.07189987321530211 0.10513643659711074
0 0.7095079488886011 0.19703049759229532 0.086855046844085 0.09550561797752806
0 0.6013705395727869 0.1906099518459069 0.07420066915819178 0.09871589085072234
0 0.5047371099714207 0.1906099518459069 0.073050271186747 0.10192616372391657
0 0.39602450166988395 0.19181380417335475 0.09490783264419875 0.09630818619582664
0 0.2930638832255713 0.19020866773675763 0.06729828132952274 0.09951845906902086
0 0.19067846376698117 0.1910112359550562 0.10411101641575743 0.09791332263242376
0 0.026171553850369966 0.4654895666131621 0.03853833204340193 0.048154093097913346
1 0.35461017469786993 0.4101123595505618 0.04889191378640547 0.04012841091492781
1 0.41500606819872377 0.4117174959871589 0.03968873001484674 0.03691813804173357
1 0.6646424280022526 0.40449438202247195 0.10181022047286774 0.03531300160513645
1 0.701167563595626 0.5152487961476726 0.17025889977383543 0.033707865168539325
1 0.47770275764246717 0.5168539325842697 0.16968370078811298 0.03852327447833069
1 0.3462697894048949 0.5156500802568219 0.05982069451513137 0.03130016051364372
1 0.3494333838263682 0.5654093097913322 0.0454407198720709 0.040930979133226304
1 0.494095928735556 0.5698234349919743 0.20937243080295972 0.03691813804173357
1 0.09778382757281086 0.5152487961476725 0.10698701134436955 0.03370786516853927
1 0.44549161444201174 0.10553772070626004 0.08340385292975043 0.037720706260032114
1 0.5363730541861537 0.10834670947030497 0.050042311757850226 0.036918138041733536
1 0.11992898852312389 0.04213483146067416 0.13287096570187829 0.036115569823434994
0 0.6758588082238397 0.9727126805778491 0.25998994154653227 0.04815409309791321
0 0.06097109248657618 0.96669341894061 0.03566233711478985 0.03772070626003213
0 0.023295558921757876 0.968298555377207 0.03278634218617775 0.03451043338683789
0 0.9850282630496388 0.9835473515248796 0.027034352328953445 0.03290529695024077
0 0.03940113052198555 0.3322632423756019 0.021282362471729422 0.04494382022471907
