0 0.026683151721954346 0.2076975554227829 0.03520027548074722 0.04285242035984993
0 0.9270085096359253 0.06075401231646538 0.01920682191848755 0.02653656341135502
0 0.068034328520298 0.555169403553009 0.01898600161075592 0.024616241455078125
1 0.10473063588142395 0.15637503564357758 0.051148198544979095 0.02037801407277584
0 0.07547621428966522 0.41243991255760193 0.015820033848285675 0.02078322507441044
0 0.07620567083358765 0.3267143666744232 0.015655510127544403 0.02063175104558468
0 0.9522502422332764 0.059736695140600204 0.01792830228805542 0.023184845224022865
0 0.0901726484298706 0.8587232232093811 0.01985197514295578 0.023045063018798828
0 0.07573963701725006 0.44035863876342773 0.015943683683872223 0.01790575124323368
0 0.5702373385429382 0.060900624841451645 0.01749861240386963 0.01821882463991642
0 0.31940901279449463 0.9411041140556335 0.018586039543151855 0.025811433792114258
1 0.13079315423965454 0.8613303303718567 0.05960775911808014 0.02149621583521366
0 0.3554421663284302 0.09651577472686768 0.016101568937301636 0.013550559990108013
1 0.08850511163473129 0.24146141111850739 0.022020339965820312 0.015439391136169434
0 0.06888549774885178 0.21286511421203613 0.015455741435289383 0.018838802352547646
1 0.5944397283978101 0.6290671229362494 0.353566653273079 0.018522461876273162
1 0.1071932315826416 0.5876572132110596 0.06033444404602051 0.023229161277413368
1 0.12042602896690369 0.32863548398017883 0.06823322921991348 0.019911089912056923
0 0.06965867429971695 0.12649987637996674 0.013210207223892212 0.018014034256339073
0 0.31660765409469604 0.058971624821424484 0.01769915223121643 0.017881929874420166
1 0.4210743010044098 0.7289202809333801 0.0521884560585022 0.01990540884435177
0 0.9767124056816101 0.7274220585823059 0.016471505165100098 0.018936315551400185
0 0.27594953775405884 0.439871221780777 0.017253875732421875 0.018984278663992882
0 0.0681075006723404 0.5261132717132568 0.018622461706399918 0.02289990521967411
1 0.42177727818489075 0.27842986583709717 0.040794432163238525 0.01724209450185299
0 0.025532357394695282 0.13174456357955933 0.02723631076514721 0.03348566219210625
1 0.49553021788597107 0.7298992276191711 0.05680209398269653 0.018378814682364464
1 0.09304255247116089 0.9593190550804138 0.058178745210170746 0.019296804443001747
0 0.07574686408042908 0.35544779896736145 0.01474248617887497 0.019667943939566612
1 0.10889388620853424 0.47276735305786133 0.05574122071266174 0.01901145838201046
0 0.06936140358448029 0.1547342985868454 0.014683183282613754 0.019856879487633705
1 0.4830498027571894 0.7969529032707215 0.33503891472640357 0.017156839370727536
0 0.02566366456449032 0.06996479630470276 0.033279817551374435 0.0442408062517643
1 0.11879683285951614 0.5289315581321716 0.08009831607341766 0.018318137153983116
1 0.346223920583725 0.06157726049423218 0.045289039611816406 0.01877736486494541
1 0.09370677173137665 0.06129799410700798 0.061441607773303986 0.02079409919679165
1 0.8962476253509521 0.9884708523750305 0.06228208541870117 0.022192398086190224
1 0.10224274545907974 0.1270090788602829 0.04515506327152252 0.02051421068608761
0 0.8832091093063354 0.4193340539932251 0.022093355655670166 0.02173844911158085
0 0.951390266418457 0.7281465530395508 0.017450690269470215 0.018401065841317177
1 0.38517416843824565 0.850240170955658 0.11511016231670049 0.023306211456656456
1 0.17816275358200073 0.889519453048706 0.15356971323490143 0.021301746368408203
0 0.06834772229194641 0.46927037835121155 0.01833779364824295 0.02132781408727169
1 0.9771485924720764 0.060011234134435654 0.021622180938720703 0.013254593126475811
1 0.5286916494369507 0.11390487104654312 0.04845196008682251 0.016262322664260864
0 0.092469222843647 0.8867732882499695 0.018101125955581665 0.024635234847664833
1 0.11808502674102783 0.8302374482154846 0.047665052115917206 0.01931651495397091
0 0.9148076772689819 0.728986918926239 0.016164839267730713 0.021106163039803505
1 0.11691118776798248 0.3579196631908417 0.06097947806119919 0.018172025680541992
0 0.32039546966552734 0.09745294600725174 0.021549105644226074 0.016340693458914757
0 0.07626377046108246 0.2960946559906006 0.013606913387775421 0.017316758632659912
1 0.43485209345817566 0.6063075065612793 0.04303556680679321 0.01892928220331669
0 0.0576137900352478 0.9567756652832031 0.013223741203546524 0.018030723556876183
0 0.06430593132972717 0.8291890025138855 0.017762601375579834 0.019578615203499794
0 0.06771203875541687 0.5857983231544495 0.017419081181287766 0.022386351600289345
1 0.7435591220855713 0.9888973832130432 0.05650639533996582 0.02220519445836544
1 0.11849303543567657 0.5583221912384033 0.07744330167770386 0.01969865895807743
1 0.07720430940389633 0.9893555641174316 0.048672065138816833 0.018743515014648438
1 0.10810338705778122 0.29806140065193176 0.04223652184009552 0.019355515018105507
0 0.07003439962863922 0.2407129555940628 0.015146974474191666 0.017257055267691612
0 0.022816084325313568 0.2736605107784271 0.03366902470588684 0.039038319140672684
1 0.11417848616838455 0.4142434597015381 0.05723501741886139 0.017206111922860146
0 0.05589301884174347 0.7733392715454102 0.014225777238607407 0.017247596755623817
1 0.5934249758720398 0.7302467226982117 0.1001976728439331 0.019232193008065224
0 0.02281072735786438 0.8687975406646729 0.03155189007520676 0.04207499697804451
1 0.0989532470703125 0.21366699039936066 0.041478611528873444 0.016125401481986046
0 0.27642905712127686 0.24063126742839813 0.016047149896621704 0.018313506618142128
0 0.06797704845666885 0.49778226017951965 0.017682567238807678 0.022528091445565224
1 0.11024096608161926 0.38646766543388367 0.04942196607589722 0.017729520797729492
1 0.48544995637422184 0.37525925040245073 0.03226828273762447 0.015190482139587397
0 0.02272573858499527 0.9352123141288757 0.03178269416093826 0.04206148907542229
1 0.11320719122886658 0.41390904784202576 0.05563005805015564 0.016245603561401367
0 0.43350449204444885 0.059807658195495605 0.01699542999267578 0.015379026532173157
0 0.979123592376709 0.9868370890617371 0.023723959922790527 0.025732913985848427
1 0.5446203947067261 0.8438539505004883 0.19257882237434387 0.03605047985911369
0 0.6748197292056933 0.27976111060734926 0.4187469184398651 0.019696256145834923
1 0.5922459363937378 0.7306990027427673 0.09836167097091675 0.02049652673304081
1 0.5087127685546875 0.06085442379117012 0.1398518979549408 0.02088167332112789
0 0.1359402613884756 0.49838113784790006 0.11249368597138948 0.017427006736397726
0 0.07605240494012833 0.2691338360309601 0.015323996543884277 0.02053544856607914
0 0.9512072205543518 0.9860638976097107 0.02912914752960205 0.02683512307703495
1 0.09092839807271957 0.7750460505485535 0.05592961609363556 0.020325740799307823
0 0.052356064319610596 0.019236775115132332 0.018174152821302414 0.023115642368793488
1 0.4828793704509735 0.900299608707428 0.3385680317878723 0.04430023953318596
0 0.06866337358951569 0.1849421262741089 0.014641694724559784 0.02094523049890995
1 0.6652892827987671 0.9869692921638489 0.0802115797996521 0.02595233917236328
0 0.9771485924720764 0.060011234134435654 0.021622180938720703 0.013254593126475811
0 0.08319388329982758 0.8023157119750977 0.018340297043323517 0.019461551681160927
0 0.8598263263702393 0.7286825180053711 0.018342792987823486 0.023253679275512695
0 0.02261596918106079 0.34076616168022156 0.03251354396343231 0.0416257381439209
1 0.34893369674682617 0.729773223400116 0.063988596200943 0.019117116928100586
1 0.12489967897271269 0.18378812199036915 0.0872792937399679 0.016051364365971103
1 0.12219101123595508 0.09510433386837881 0.11677367576243983 0.015248796147672543
0 0.012038523274478331 0.016452648475120384 0.0108346709470305 0.018459069020866775
0 0.03280497592295345 0.018860353130016053 0.012640449438202249 0.020064205457463884
1 0.48846308186195825 0.3053772070626003 0.0403290529695024 0.01845906902086675
1 0.526986356340289 0.3282504012841092 0.1149678972712681 0.017656500802568226
1 0.48515248796147675 0.35272873194221505 0.039727126805778494 0.016853932584269628
1 0.5221709470304976 0.396067415730337 0.11135634028892455 0.01845906902086675
1 0.5071227929373997 0.42134831460674155 0.07885232744783309 0.02086677367576243
1 0.5167536115569824 0.4466292134831461 0.09209470304975931 0.016853932584269628
1 0.5161516853932585 0.4650882825040128 0.09450240770465491 0.02166934189406099
1 0.5155497592295346 0.4919743178170144 0.0932985553772071 0.022471910112359553
1 0.5029093097913324 0.5168539325842696 0.06801765650080263 0.01926163723916531
0 0.5221709470304975 0.5381219903691814 0.10894863563402898 0.016853932584269683
0 0.45806581059390056 0.2784911717495987 0.015650080256821824 0.01765650080256826
0 0.45806581059390056 0.3041733547351525 0.015650080256821824 0.017656500802568188
0 0.45866773675762446 0.32985553772070625 0.015650080256821824 0.016051364365971068
0 0.45776484751203855 0.35192616372391655 0.015048154093097921 0.020064205457463943
0 0.45746388443017666 0.3747993579454254 0.014446227929374018 0.020866773675762503
0 0.4580658105939005 0.39807383627608345 0.0168539325842697 0.022471910112359553
0 0.45866773675762446 0.42134831460674155 0.016853932584269628 0.024077046548956673
0 0.4574638844301766 0.44422150882825007 0.01565008025682186 0.02166934189406098
0 0.45926966292134835 0.46709470304975925 0.016853932584269628 0.01765650080256826
0 0.45836677367576245 0.4911717495987159 0.015048154093097921 0.017656500802568188
0 0.45776484751203855 0.5152487961476726 0.017455858747993602 0.01765650080256826
0 0.45776484751203855 0.5417335473515249 0.01865971107544141 0.01926163723916531
1 0.5026083467094703 0.014847512038523277 0.20465489566613165 0.02327447833065811
1 0.11135634028892458 0.27207062600321025 0.04935794542536117 0.01765650080256826
1 0.32714686998394854 0.2299357945425361 0.022271268057785027 0.01845906902086686
1 0.3274478330658106 0.11797752808988765 0.016853932584269662 0.012841091492776879
1 0.3289526484751203 0.13804173354735141 0.015048154093097888 0.022471910112359435
1 0.32955457463884436 0.160513643659711 0.01745585874799352 0.022471910112359512
1 0.3277487961476726 0.18418940609951848 0.019863563402889247 0.026484751203852356
1 0.32955457463884436 0.20666131621187803 0.021067415730337054 0.023274478330658113
1 0.3274478330658106 0.25561797752808996 0.019261637239165325 0.023274478330658165
1 0.3283507223113965 0.2764847512038523 0.021067415730337054 0.024879614767255233
1 0.3292536115569824 0.2997592295345104 0.020465489566613152 0.02808988764044944
1 0.3295545746388443 0.32463884430176565 0.018659711075441433 0.028089887640449365
1 0.32925361155698235 0.34911717495987155 0.02166934189406103 0.022471910112359553
1 0.3298555377207063 0.37158908507223115 0.016853932584269628 0.024077046548956604
1 0.3292536115569824 0.39526484751203855 0.020465489566613152 0.02166934189406092
1 0.32955457463884436 0.4193418940609952 0.021067415730337054 0.024879614767255163
1 0.3289526484751204 0.4458266452648476 0.02347512038523266 0.023274478330658113
1 0.3289526484751204 0.46829855537720705 0.015048154093097921 0.020064205457463943
1 0.3283507223113965 0.48595505617977536 0.015048154093097921 0.02166934189406099
1 0.32925361155698235 0.5152487961476726 0.019261637239165276 0.02247191011235948
1 0.32985553772070625 0.5373194221508828 0.02287319422150883 0.023274478330658113
1 0.32804975922953455 0.5589887640449439 0.02166934189406092 0.0168539325842697
1 0.32865168539325845 0.5826645264847512 0.013242375601926142 0.028892455858747966
1 0.3289526484751204 0.6079454253611557 0.0234751203852327 0.02166934189406099
1 0.32895264847512046 0.6284109149277686 0.01865971107544144 0.028892455858748032
1 0.3298555377207061 0.6560995184590689 0.01926163723916522 0.0200642054574638
1 0.3289526484751204 0.6773675762439808 0.019863563402889178 0.01926163723916531
1 0.32835072231139634 0.6978330658105933 0.015048154093097971 0.013643659711075314
1 0.5272873194221509 0.6552969502407706 0.2203049759229534 0.02166934189406092
1 0.8851324237560196 0.7295345104333869 0.025882825040128177 0.01444622792937409
0 0.9281701444622794 0.727126805778491 0.010834670947030531 0.012841091492776685
1 0.6509831460674149 0.13603531300160515 0.5026083467094686 0.07303370786516845
1 0.4240569823434992 0.3475120385232745 0.04032905296950233 0.06581059390048156
1 0.42676565008025685 0.1853932584269663 0.04333868378812198 0.014446227929374018
1 0.4168338683788122 0.0987158908507223 0.09931781701444621 0.02728731942215086
1 0.3936597110754414 0.7636436597110755 0.15770465489566615 0.02808988764044955
1 0.3494181380417335 0.833868378812199 0.04634831460674157 0.014446227929373947
1 0.8065810593900483 0.9879614767255217 0.040930979133226374 0.02086677367576243
1 0.843298555377207 0.9879614767255217 0.014446227929374089 0.02247191011235941
0 0.12399678972712681 0.9887640449438202 0.021669341894060973 0.02086677367576243
0 0.014747191011235956 0.9851524879614767 0.01745585874799358 0.026484751203852283
0 0.1537921348314607 0.9863563402889247 0.015048154093097852 0.019261637239165477
0 0.1808788121990369 0.9855537720706258 0.015048154093097987 0.020866773675762378
0 0.045746388443017656 0.9859550561797752 0.013242375601926159 0.026484751203852283
0 0.27538121990369185 0.06019261637239165 0.021067415730337054 0.014446227929373992
1 0.13031701444622792 0.8013643659711076 0.06922150882825039 0.02166934189406092
0 0.08457062600321028 0.8310593900481541 0.015048154093097904 0.023274478330658183
1 0.12821027287319425 0.9185393258426966 0.03491171749598715 0.01845906902086682
0 0.09901685393258428 0.9165329052969503 0.01865971107544141 0.02086677367576243
0 0.07403691813804174 0.8884430176565007 0.01203852327447832 0.014446227929374089
