0 0.026442 0.031322 0.032585 0.048386
0 0.080128 0.031797 0.032051 0.047437
0 0.191774 0.032271 0.029915 0.042693
0 0.246795 0.030374 0.027778 0.046488
0 0.300214 0.027053 0.030983 0.051232
0 0.410791 0.029899 0.026709 0.047437
0 0.356571 0.147543 0.029380 0.051232
0 0.301015 0.143274 0.028312 0.048386
0 0.248397 0.137581 0.037393 0.054078
0 0.191239 0.147069 0.020299 0.044591
0 0.136485 0.143274 0.020833 0.050283
0 0.081464 0.142799 0.029380 0.049334
0 0.027511 0.140902 0.031517 0.055027
0 0.027244 0.258546 0.028846 0.045540
0 0.025374 0.375715 0.029380 0.048386
0 0.027511 0.489089 0.027244 0.051232
0 0.080662 0.259969 0.035256 0.048386
0 0.082265 0.375241 0.042735 0.056924
0 0.137821 0.374292 0.033120 0.051232
0 0.136485 0.257123 0.027244 0.054078
0 0.193109 0.261866 0.027244 0.046488
0 0.244658 0.268982 0.042735 0.026565
0 0.302350 0.257123 0.032051 0.048386
0 0.300481 0.384728 0.032585 0.022770
0 0.245192 0.381407 0.029915 0.033206
0 0.246528 0.487192 0.026175 0.049334
0 0.247329 0.604361 0.023504 0.044591
0 0.192041 0.600092 0.022970 0.051232
0 0.134882 0.602464 0.034722 0.048386
0 0.026442 0.602938 0.030449 0.062617
0 0.137286 0.487192 0.032051 0.047437
0 0.193910 0.373343 0.033120 0.049334
0 0.192041 0.490987 0.020833 0.041745
0 0.017094 0.974844 0.021368 0.032257
0 0.702991 0.494308 0.233974 0.397522
0 0.053152 0.971998 0.020833 0.037950
0 0.088408 0.972947 0.016560 0.026565
0 0.122329 0.973896 0.020299 0.036052
0 0.161058 0.971050 0.025107 0.039847
0 0.196314 0.972947 0.024038 0.043642
0 0.232639 0.973421 0.022970 0.035103
0 0.268162 0.973896 0.026709 0.036052
0 0.303686 0.973421 0.025107 0.038898
0 0.340011 0.972947 0.027244 0.036052
0 0.376603 0.972947 0.023504 0.039847
0 0.411325 0.972947 0.024573 0.037950
0 0.445780 0.973421 0.020833 0.040796
0 0.482639 0.974844 0.027244 0.037950
0 0.853900 0.974370 0.015491 0.021821
0 0.870726 0.972947 0.012821 0.022770
0 0.888622 0.974844 0.014423 0.030360
0 0.905182 0.974370 0.012286 0.029411
0 0.977030 0.973896 0.019231 0.028462
1 0.025374 0.066900 0.035791 0.022770
1 0.080929 0.076387 0.057158 0.047437
1 0.189637 0.064528 0.057692 0.031308
1 0.247863 0.072593 0.057692 0.049334
1 0.300748 0.066900 0.058761 0.030360
1 0.410256 0.074490 0.042735 0.051232
1 0.357372 0.182646 0.036325 0.030360
1 0.303419 0.182646 0.057692 0.028462
1 0.247062 0.180749 0.038996 0.024667
1 0.192842 0.191185 0.048077 0.043642
1 0.134882 0.191185 0.058226 0.043642
1 0.082799 0.180749 0.036325 0.024667
1 0.026709 0.193557 0.053418 0.048386
1 0.027511 0.296021 0.047543 0.031308
1 0.080929 0.305508 0.049679 0.048386
1 0.137019 0.295072 0.036859 0.031308
1 0.190705 0.296970 0.058761 0.031308
1 0.245459 0.297444 0.040064 0.026565
1 0.302885 0.307406 0.060897 0.054078
1 0.302618 0.413190 0.042201 0.024667
1 0.247329 0.409870 0.041667 0.019924
1 0.192041 0.422203 0.046474 0.040796
1 0.138088 0.423152 0.049679 0.052181
1 0.083600 0.422678 0.047543 0.051232
1 0.024573 0.411293 0.037393 0.024667
1 0.028045 0.525616 0.056090 0.033206
1 0.136485 0.533680 0.055021 0.039847
1 0.192041 0.522770 0.057158 0.027513
1 0.248932 0.523244 0.042735 0.022770
1 0.246528 0.638042 0.048611 0.030360
1 0.191774 0.637567 0.013889 0.021821
1 0.137553 0.638042 0.063568 0.030360
1 0.027244 0.651324 0.039530 0.045540
1 0.939637 0.959665 0.036325 0.024667
1 0.939904 0.987178 0.046474 0.024667