0 0.26355892419815063 0.27382585406303406 0.03733475133776665 0.042007964104413986
0 0.9290100932121277 0.9544758200645447 0.034206923097372055 0.03651977702975273
0 0.9276903867721558 0.27152717113494873 0.026199163869023323 0.03501312434673309
0 0.2195746898651123 0.2719651758670807 0.023382319137454033 0.027767516672611237
1 0.7171062827110289 0.8291307294540957 0.2961937785148621 0.0717677161498158
1 0.3501185476779938 0.2721397578716278 0.1116090789437294 0.02956390380859375
0 0.19651031494140625 0.2718932032585144 0.020259857177734375 0.024810943752527237
0 0.8756323456764221 0.956754744052887 0.026394246146082878 0.038909364491701126
1 0.3153553903102875 0.15058737993240356 0.0798996090888977 0.028340209275484085
0 0.04700227400794235 0.08093981424505024 0.07238586790248668 0.08952067670431797
0 0.17273318767547607 0.27168402075767517 0.019758112728595734 0.0249100960791111
0 0.17310833930969238 0.2717663645744324 0.021552152931690216 0.02814376913011074
1 0.313938707113266 0.18693283200263977 0.19145013391971588 0.0350358746945858
1 0.2697585762813095 0.7178972712680579 0.1825609391914592 0.07303370786516851
1 0.287256429877935 0.8382825040128408 0.21522359923849343 0.0634028892455856
1 0.2519690917914069 0.9538523274478331 0.14464892306543728 0.03130016051364365
1 0.6748338870431893 0.7166934189406099 0.20414162529396399 0.06420545746388456
0 0.5564317443726903 0.4907704654895666 0.07815707939826048 0.08587479935794541
0 0.04753583560416588 0.18780096308186195 0.06707510545373101 0.09470304975922954
0 0.048993990070551344 0.3033707865168539 0.06999141438650192 0.09630818619582662
0 0.04666094292433462 0.4181380417335474 0.06649184366717682 0.0947030497592295
0 0.0469525738176117 0.528892455858748 0.07290772331927282 0.09149277688603533
0 0.045494419351226244 0.6436597110754414 0.06999141438650192 0.09951845906902072
0 0.04753583560416588 0.7556179775280899 0.07524077046548956 0.09711075441412519
0 0.04870235917727424 0.8651685393258427 0.067075105453731 0.09951845906902079
0 0.04636931203105752 0.9602728731942216 0.06707510545373101 0.07945425361155699
0 0.06999141438650192 0.9369983948635634 0.025663518608384034 0.0313001605136435
1 0.6465456903953114 0.009229534510433388 0.1382330434133413 0.018459069020866775
