1 0.06524249911308289 0.8334593176841736 0.06510305404663086 0.034505777060985565
0 0.0187603197991848 0.9191854596138 0.025788264349102974 0.040178749710321426
0 0.018867846578359604 0.8736407160758972 0.026344746351242065 0.03628263249993324
0 0.018566668033599854 0.1392098069190979 0.02281881496310234 0.034854158759117126
1 0.058872293680906296 0.14438442885875702 0.05915136635303497 0.03162846341729164
0 0.45053380727767944 0.6929674744606018 0.025306178256869316 0.03761892393231392
0 0.3201216161251068 0.28372707962989807 0.23437494039535522 0.3385525941848755
1 0.08528707921504974 0.7126588225364685 0.1141839548945427 0.03436538577079773
0 0.019656987860798836 0.23192286491394043 0.025107819586992264 0.03127299249172211
0 0.4506269693374634 0.8198140859603882 0.0246107317507267 0.032628003507852554
0 0.45092859864234924 0.26649782061576843 0.022371333092451096 0.03590325266122818
0 0.4517647624015808 0.5255674719810486 0.0239210557192564 0.03662079945206642
0 0.45029640197753906 0.7800278067588806 0.02479059062898159 0.03683660179376602
0 0.45027831196784973 0.9192860126495361 0.025445960462093353 0.036510806530714035
0 0.018962057307362556 0.823876678943634 0.025466006249189377 0.0354524701833725
0 0.4503338932991028 0.35323968529701233 0.02470589056611061 0.0318722240626812
0 0.018769685178995132 0.4921227693557739 0.022025033831596375 0.033597320318222046
0 0.018879422917962074 0.7808164358139038 0.021740680560469627 0.03766917809844017
0 0.451183021068573 0.8624863624572754 0.026721494272351265 0.038623057305812836
1 0.060071930289268494 0.09687832742929459 0.06045107915997505 0.028624825179576874
0 0.45077452063560486 0.7379631400108337 0.023622842505574226 0.03619968146085739
0 0.4501062035560608 0.39474764466285706 0.02520766295492649 0.03115532547235489
0 0.01811111904680729 0.029344744980335236 0.025137942284345627 0.04213649407029152
0 0.45067858695983887 0.30915316939353943 0.022719362750649452 0.03624598681926727
0 0.020263761281967163 0.6115075349807739 0.021893201395869255 0.034923773258924484
0 0.4510176181793213 0.5672131180763245 0.022748833522200584 0.03656412288546562
1 0.0696445032954216 0.18918780982494354 0.08264840394258499 0.030502982437610626
0 0.018884846940636635 0.30427876114845276 0.02189819887280464 0.02846320904791355
0 0.45088863372802734 0.6511090397834778 0.026993663981556892 0.03686700016260147
0 0.7075573801994324 0.18569506704807281 0.015728311613202095 0.017747312784194946
0 0.01861681416630745 0.9650953412055969 0.023070722818374634 0.03449034318327904
0 0.4524822235107422 0.1836988925933838 0.021598076447844505 0.03127807378768921
0 0.0187611635774374 0.5389266610145569 0.021205419674515724 0.02901732735335827
0 0.01914750225841999 0.09087592363357544 0.02136904187500477 0.02891593612730503
0 0.4506302773952484 0.4348624646663666 0.023567399010062218 0.03529944270849228
0 0.01915963739156723 0.18562349677085876 0.024260658770799637 0.0377892442047596
1 0.06549643725156784 0.9242128133773804 0.06580809503793716 0.027841752395033836
1 0.5203115940093994 0.6137559413909912 0.0868016928434372 0.02875450998544693
1 0.10859133303165436 0.45271921157836914 0.15024849772453308 0.03739231079816818
0 0.4507029950618744 0.48113247752189636 0.025782844051718712 0.03686016798019409
1 0.49605464935302734 0.18715915083885193 0.04573369398713112 0.025794466957449913
1 0.5037254691123962 0.27033135294914246 0.05562889203429222 0.029793022200465202
0 0.7075560092926025 0.6541864275932312 0.01694771647453308 0.025620155036449432
0 0.019755804911255836 0.705193817615509 0.022626575082540512 0.028124069795012474
0 0.7076349854469299 0.48456305265426636 0.01622871495783329 0.024832118302583694
0 0.7075691819190979 0.2291577309370041 0.016368459910154343 0.023545430973172188
0 0.971054196357727 0.029833955690264702 0.02389894239604473 0.033515989780426025
0 0.0200076662003994 0.44473713636398315 0.02567659504711628 0.0374525785446167
1 0.05960438400506973 0.9701903462409973 0.05876821652054787 0.03558638319373131
0 0.45121926069259644 0.2274777591228485 0.021778477355837822 0.03406813368201256
1 0.05376354232430458 0.23656655848026276 0.04415763542056084 0.03512151911854744
0 0.7078760862350464 0.6107170581817627 0.016149714589118958 0.025573022663593292
1 0.09812771528959274 0.355877548456192 0.13052333891391754 0.02645794488489628
0 0.01972333714365959 0.6606975793838501 0.02349378541111946 0.029908109456300735
0 0.018608011305332184 0.3977334201335907 0.0252077616751194 0.0371931791305542
1 0.10735895484685898 0.61896812915802 0.1393933892250061 0.03696497529745102
0 0.4509202241897583 0.6133229732513428 0.02416335605084896 0.0378093346953392
1 0.07675930857658386 0.40298786759376526 0.08742685616016388 0.03189413994550705
1 0.0898100733757019 0.5428181290626526 0.12084615230560303 0.03525498881936073
0 0.01929294504225254 0.7070021629333496 0.02259061299264431 0.027106737717986107
0 0.01925995945930481 0.3526751399040222 0.023261014372110367 0.02964031510055065
1 0.4952150881290436 0.23011209070682526 0.044430382549762726 0.03133401274681091
0 0.17943096160888672 0.3071799874305725 0.01826859451830387 0.025430303066968918
0 0.9171769618988037 0.03222494572401047 0.023750178515911102 0.03474709019064903
0 0.9172272086143494 0.03133445233106613 0.024195533245801926 0.03850533440709114
1 0.06295797228813171 0.8800304532051086 0.06129731237888336 0.02926023118197918
1 0.05749008059501648 0.7852743268013 0.05127473548054695 0.03722219541668892
0 0.1796170026063919 0.4007819592952728 0.018239086493849754 0.0253185722976923
1 0.547544635212428 0.3997751474380491 0.14372766141890206 0.029082663357257822
1 0.07114853709936142 0.032679807394742966 0.07969188690185547 0.0341186597943306
0 0.18012608587741852 0.1391746699810028 0.01639522612094879 0.022439081221818924
1 0.09696787595748901 0.3103402554988861 0.13050943613052368 0.02565397135913372
1 0.6547542214393616 0.5689389705657959 0.07184284925460815 0.03596944361925125
0 0.17966488003730774 0.1848468780517578 0.017564164474606514 0.025418903678655624
1 0.06440534442663193 0.6645721197128296 0.06456702947616577 0.02928980439901352
1 0.5673644659151906 0.7368268890008021 0.19108964036500267 0.03769608117434217
1 0.5367686527106819 0.7780295823774079 0.12667740203972094 0.030682856769812333
1 0.5314009661835749 0.8201089288045806 0.1137949543746646 0.0341894689720776
1 0.5254965110037575 0.8617499487064706 0.10413311862587235 0.04207934642717248
1 0.5424047235641438 0.9178557439427004 0.1390230810520665 0.04207934642717262
1 0.558239398819109 0.6951858690989126 0.17069243156199682 0.03681942812377599
1 0.5144927536231885 0.6504765635200418 0.08534621578099838 0.02980620371924722
1 0.5426731078904993 0.5663178706656968 0.13955984970477722 0.03331281592151157
1 0.673913043478261 0.522046891612109 0.0359634997316158 0.030682856769813326
1 0.6639828234031134 0.4356965661313488 0.05045625335480409 0.02980620371924715
1 0.66532474503489 0.354167832428702 0.052066559312936175 0.03155950982037943
1 0.6626409017713365 0.3107735064256803 0.05636070853462158 0.032436162870945466
1 0.6634460547504025 0.27176244567548913 0.053676865271068123 0.031559509820379396
1 0.5139559849704777 0.3147184451532278 0.07890499194847017 0.026299591516982766
1 0.5209339774557167 0.3594277507320986 0.08964036500268385 0.02454628541585066
1 0.5265700483091789 0.4422714640105944 0.10091250670960818 0.023669632365284556
1 0.51959205582394 0.48478913696305 0.08695652173913039 0.02454628541585066
1 0.5534084809447128 0.5255535038143734 0.15458937198067624 0.023669632365284556
0 0.8679549114331724 0.031121183295096343 0.020397208803005783 0.025422938466416734
0 0.17901234567901236 0.08854195810717551 0.017713365539452467 0.019286367112454066
1 0.3247450348899625 0.09599350903698729 0.1438539989264627 0.044709305578870796
0 0.17847557702630165 0.3532911793781359 0.014492753623188453 0.02454628541585073
0 0.178743961352657 0.23275138492529798 0.016103059581320377 0.021916326264152398
1 0.08588298443370909 0.4953089735698431 0.11057434245840046 0.03506612202264385
0 0.17874396135265702 0.7806595415291068 0.015029522275899083 0.02191632626415242
