0 0.07815094292163849 0.040157824754714966 0.025257756933569908 0.037203140556812286
0 0.10679857432842255 0.04221406206488609 0.019337628036737442 0.023497963324189186
0 0.9398795962333679 0.9648784399032593 0.0352402925491333 0.036762725561857224
0 0.06305927038192749 0.7784002423286438 0.028975727036595345 0.04423106834292412
0 0.8910319805145264 0.03966791555285454 0.027201678603887558 0.03641456738114357
0 0.7501882910728455 0.17458370327949524 0.025915104895830154 0.035129379481077194
1 0.4412168562412262 0.5514853000640869 0.1766459047794342 0.03425676375627518
0 0.06313638389110565 0.6083676218986511 0.02846691943705082 0.03250765800476074
0 0.9783088564872742 0.10003427416086197 0.029055364429950714 0.04850556701421738
1 0.8020219802856445 0.5508741736412048 0.17455415427684784 0.03816866874694824
1 0.8578923940658569 0.17614752054214478 0.16607891023159027 0.03798528015613556
1 0.15063349902629852 0.664482057094574 0.12309862673282623 0.04155832529067993
0 0.9611620306968689 0.0352599173784256 0.03457669913768768 0.046808939427137375
0 0.2315867692232132 0.24938736855983734 0.027625543996691704 0.025906667113304138
0 0.07747730612754822 0.17726971209049225 0.03308643028140068 0.03770919889211655
0 0.2308105230331421 0.9230368137359619 0.023523513227701187 0.029476210474967957
1 0.13453055918216705 0.10507135093212128 0.0558837428689003 0.03299088776111603
0 0.06348130106925964 0.4947320520877838 0.027054907754063606 0.0416591614484787
0 0.028702987357974052 0.036434244364500046 0.029830075800418854 0.04689941927790642
0 0.8375231027603149 0.3630692958831787 0.0209442600607872 0.026298968121409416
0 0.051166292279958725 0.27228155732154846 0.032133981585502625 0.03376126289367676
0 0.07605006545782089 0.7222365736961365 0.025239450857043266 0.03904635086655617
1 0.3474564254283905 0.17840085923671722 0.31395572423934937 0.03024185262620449
1 0.10409717261791229 0.27259576320648193 0.06800749152898788 0.036541543900966644
1 0.1346060186624527 0.44632264971733093 0.09898911416530609 0.03714931756258011
1 0.22408440709114075 0.10378057509660721 0.05342228710651398 0.03550809994339943
1 0.056848544627428055 0.9695528745651245 0.062009043991565704 0.029086381196975708
1 0.15160278975963593 0.833966076374054 0.13613712787628174 0.037907667458057404
1 0.11818160116672516 0.8853490948677063 0.08392000198364258 0.04599440097808838
0 0.20282693207263947 0.8331385850906372 0.026544788852334023 0.03230452910065651
1 0.11474715173244476 0.6074066758155823 0.08418916165828705 0.04304977506399155
0 0.9732086658477783 0.9643983840942383 0.024562237784266472 0.033187903463840485
0 0.9732717871665955 0.9650740623474121 0.02304687537252903 0.028746917843818665
1 0.4282486140727997 0.10286886990070343 0.1114397943019867 0.03772987425327301
0 0.0760294646024704 0.6650835871696472 0.027082571759819984 0.04416355863213539
0 0.11421214044094086 0.1744636744260788 0.02198934741318226 0.022968141362071037
0 0.6743165850639343 0.17916741967201233 0.02686927281320095 0.04116961732506752
0 0.06431083381175995 0.4425642192363739 0.027537953108549118 0.04350544139742851
0 0.6272237300872803 0.1772344410419464 0.024320021271705627 0.024846607819199562
0 0.8287373185157776 0.43738853931427 0.023631686344742775 0.02087871916592121
1 0.13123993558776167 0.3322272645944143 0.09393451422436927 0.04147757770946178
1 0.11916264090177134 0.3838709152718814 0.07407407407407407 0.04066429187202132
1 0.13231347289318304 0.5009840758633028 0.0993022007514761 0.04554400689666394
1 0.10869565217391304 0.5522210836220496 0.05421363392377884 0.03578457684737877
1 0.1473429951690821 0.7226044665658192 0.1025228126677402 0.04473072105922341
1 0.11379495437466453 0.7775012605930479 0.06119162640901772 0.034158005172497924
1 0.3121309715512614 0.1000341580051725 0.04455179817498653 0.027651718472974506
0 0.06387546967257113 0.8909546349159874 0.027911969940955447 0.04473072105922356
0 0.06548577563070318 0.8315847687828364 0.033279656468062274 0.03822443435970015
0 0.06736446591519055 0.5583207274028529 0.018786902844873853 0.03985100603458079
0 0.06387546967257113 0.32978740708209303 0.03972088030059044 0.051237007758746816
0 0.06414385399892647 0.38590412986548245 0.03274288781535159 0.04473072105922348
0 0.143317230273752 0.17932952715561407 0.026838432635534096 0.0431041493843426
0 0.03059581320450885 0.1768896696432928 0.02791196994095544 0.038224434359700084
1 0.04508856682769727 0.10125408676133313 0.04294149221685453 0.031718147660176645
0 0.1833064949006978 0.17526309796841197 0.027375201288244746 0.05611672278338945
1 0.42190016103059585 0.04391743522178304 0.09125067096081593 0.0455440068966639
1 0.57085346215781 0.03619121976609898 0.10359634997316165 0.039851006034580895
0 0.8201825013419216 0.038224434359700056 0.02147074610842722 0.01951886009857024
0 0.9431025228126677 0.09881422924901184 0.01825013419216319 0.03334471933505748
5 0.43827160493827166 0.42006213503798034 0.332259796027912 0.3619121976609898
5 0.8005904455179816 0.4253484929813432 0.33762748255501873 0.3773646285723579
