0 0.35759437084198 0.9368231296539307 0.023790614679455757 0.08644568175077438
0 0.44344523549079895 0.9359824061393738 0.02209320105612278 0.08214804530143738
0 0.0230279341340065 0.6325944066047668 0.04066808521747589 0.0983683243393898
0 0.4142058789730072 0.9355802536010742 0.022645091637969017 0.0811130553483963
0 0.3272450864315033 0.9342515468597412 0.024524180218577385 0.08761844784021378
0 0.530370831489563 0.9434566497802734 0.02640552446246147 0.09795761108398438
0 0.5585154891014099 0.9429527521133423 0.020123418420553207 0.08354015648365021
0 0.8457884192466736 0.9434497952461243 0.01678040809929371 0.05673452839255333
0 0.023496588692069054 0.37959060072898865 0.03961668163537979 0.0942813903093338
0 0.6435806751251221 0.9441219568252563 0.024674734100699425 0.08940588682889938
0 0.024829216301441193 0.09541650861501694 0.04106379300355911 0.1506485790014267
0 0.02187086082994938 0.630865752696991 0.03789747133851051 0.09386571496725082
0 0.6150204539299011 0.9423521161079407 0.023391596972942352 0.08570899814367294
0 0.3851127624511719 0.936653733253479 0.021278731524944305 0.07534980773925781
1 0.02806640788912773 0.22773979604244232 0.05613281577825546 0.10473725199699402
0 0.38555648922920227 0.9353448152542114 0.0224570594727993 0.08070506900548935
0 0.2984909117221832 0.9384269714355469 0.02165161818265915 0.08272247016429901
0 0.29903075098991394 0.936101496219635 0.022836972028017044 0.08957964926958084
0 0.6723595857620239 0.9431670308113098 0.022018495947122574 0.0828198716044426
0 0.8674116730690002 0.9334535002708435 0.016047604382038116 0.05612894520163536
0 0.47242385149002075 0.9340382814407349 0.02454395219683647 0.08774738013744354
0 0.7004254460334778 0.9431833028793335 0.020022455602884293 0.08563232421875
0 0.5868288278579712 0.9399582147598267 0.023214340209960938 0.08010101318359375
0 0.9831182956695557 0.9378910064697266 0.014772606082260609 0.054845619946718216
1 0.9030366539955139 0.9357827305793762 0.0518212653696537 0.05593853071331978
0 0.6724851131439209 0.9427732229232788 0.023361332714557648 0.08626212924718857
0 0.5005367686527107 0.9371980676328502 0.024154589371980607 0.08373590982286644
1 0.9578636607622115 0.9146537842190017 0.02844873859366615 0.04294149221685459
1 0.9549114331723026 0.9597423510466989 0.03650026838432623 0.03435319377348378
0 0.8252818035426731 0.9425657541599571 0.010198604401502963 0.038647342995169115
1 0.9066022544283413 0.8212560386473429 0.18357487922705315 0.08373590982286613
1 0.024691358024691343 0.7235641438539991 0.048309178743961324 0.09017713365539452
1 0.024422973698335997 0.4659151905528717 0.04777241009125063 0.0815888352120235
