0 0.023771 0.070319 0.021902 0.031728
0 0.056357 0.010004 0.021902 0.020008
0 0.023771 0.011817 0.018697 0.023634
0 0.023237 0.112924 0.019765 0.037167
0 0.021635 0.163688 0.019765 0.037167
0 0.022169 0.267483 0.019765 0.032634
0 0.022703 0.318700 0.021902 0.029915
0 0.023504 0.365838 0.023504 0.028102
0 0.021635 0.410710 0.021902 0.032634
0 0.022436 0.456488 0.024573 0.035354
0 0.022703 0.501360 0.020833 0.030821
0 0.023771 0.606967 0.019765 0.033541
0 0.022703 0.655465 0.025107 0.029008
0 0.022169 0.702150 0.027244 0.035354
0 0.024573 0.747928 0.029915 0.038073
0 0.023237 0.794160 0.029380 0.041699
0 0.021100 0.840844 0.024038 0.040793
0 0.021635 0.887076 0.019765 0.035354
0 0.191239 0.347708 0.032051 0.055297
0 0.292468 0.213092 0.224893 0.215747
0 0.520032 0.204934 0.221688 0.239316
0 0.423344 0.348614 0.025107 0.042606
0 0.751068 0.209013 0.222222 0.236597
0 0.289797 0.579772 0.228098 0.214841
0 0.190972 0.718467 0.024038 0.038980
0 0.420406 0.716654 0.020299 0.044419
0 0.521635 0.581132 0.224893 0.222999
0 0.652778 0.718920 0.025641 0.047138
0 0.750801 0.575240 0.225962 0.222093
0 0.935096 0.580679 0.129808 0.222093
0 0.933761 0.213092 0.132478 0.235690
0 0.883013 0.349521 0.028846 0.048045
0 0.651976 0.346801 0.027244 0.037167
0 0.884348 0.715294 0.033654 0.054390
0 0.934028 0.961895 0.131944 0.076210
0 0.754006 0.957330 0.211004 0.085211
0 0.521368 0.955096 0.229701 0.089808
0 0.294338 0.954189 0.227564 0.091621
0 0.290598 0.010457 0.032051 0.020914
1 0.230769 0.070772 0.110043 0.043512
1 0.091079 0.011817 0.047543 0.023634
1 0.060630 0.072132 0.033654 0.029915
1 0.066774 0.115190 0.047009 0.032634
1 0.079327 0.166861 0.074252 0.034447
1 0.033120 0.223517 0.041667 0.020850
1 0.063034 0.270655 0.034188 0.029915
1 0.072382 0.319153 0.063568 0.025382
1 0.078526 0.361759 0.067308 0.029008
1 0.071848 0.409350 0.059295 0.024476
1 0.066506 0.453315 0.046474 0.036260
1 0.087874 0.504986 0.091346 0.029008
1 0.047810 0.562549 0.074252 0.024476
1 0.061432 0.600622 0.044872 0.029915
1 0.074786 0.648666 0.064103 0.040793
1 0.078259 0.703963 0.071047 0.038980
1 0.067842 0.752007 0.045940 0.022663
1 0.076122 0.795519 0.064637 0.033541
1 0.062500 0.840844 0.038462 0.024476
1 0.081731 0.884356 0.083333 0.037167
1 0.286592 0.353147 0.157585 0.062549
1 0.263622 0.414336 0.109509 0.041699
1 0.524840 0.352240 0.174679 0.060736
1 0.500267 0.412069 0.139423 0.051671
1 0.725427 0.404817 0.137821 0.048045
1 0.754006 0.355866 0.175748 0.058923
1 0.945780 0.416149 0.108440 0.045325
1 0.947650 0.360399 0.104700 0.058923
1 0.951656 0.722999 0.096688 0.055297
1 0.948718 0.777843 0.102564 0.052577
1 0.727030 0.775576 0.132479 0.053484
1 0.720353 0.722546 0.106303 0.052577
1 0.524306 0.719826 0.178953 0.058016
1 0.490652 0.776936 0.122329 0.048951
1 0.263889 0.775576 0.116453 0.057110
1 0.293536 0.723452 0.177885 0.054390
0 0.395032 0.711668 0.014423 0.025382
0 0.790064 0.711215 0.022436 0.031728
1 0.327457 0.010004 0.042735 0.020008
2 0.559295 0.010943 0.600427 0.021756