1 0.053953 0.031778 0.065171 0.028610
1 0.080395 0.244706 0.139423 0.056121
1 0.022169 0.415819 0.022970 0.028610
1 0.043269 0.454883 0.045940 0.023108
1 0.060096 0.502201 0.077457 0.027510
1 0.079327 0.555020 0.114850 0.031912
1 0.033921 0.627097 0.050748 0.028610
1 0.055884 0.665641 0.070677 0.027933
1 0.062664 0.716852 0.083416 0.028780
1 0.041913 0.763408 0.045201 0.028780
1 0.042530 0.812926 0.047255 0.031319
1 0.050542 0.857366 0.061637 0.035551
1 0.044379 0.932278 0.068212 0.019469
1 0.078279 0.308857 0.044790 0.035551
1 0.206279 0.031640 0.048488 0.029626
1 0.406805 0.035449 0.328731 0.028780
1 0.254767 0.084544 0.147107 0.018622
1 0.284147 0.117556 0.140943 0.025394
1 0.228879 0.153107 0.030408 0.022008
1 0.257848 0.242409 0.086703 0.026240
1 0.342908 0.244102 0.080950 0.026240
1 0.433720 0.284309 0.441732 0.037244
1 0.317636 0.409163 0.206279 0.048248
1 0.231961 0.368533 0.039859 0.026240
1 0.291543 0.373188 0.079306 0.025394
1 0.245726 0.500158 0.058350 0.027087
1 0.312295 0.500581 0.075608 0.029626
1 0.514875 0.574223 0.601578 0.097343
1 0.239974 0.698654 0.047666 0.031319
1 0.306336 0.699077 0.077663 0.027087
1 0.280243 0.740130 0.129849 0.038091
1 0.233399 0.824777 0.034517 0.034705
1 0.292571 0.825623 0.085470 0.039784
1 0.305720 0.865407 0.180802 0.024547
1 0.256616 0.990898 0.124507 0.018204
1 0.262574 0.937356 0.106016 0.041477
1 0.788955 0.084121 0.060815 0.026240
1 0.898052 0.106552 0.096565 0.028780
1 0.898258 0.153954 0.049310 0.022008
1 0.900518 0.221671 0.103961 0.025394
1 0.902572 0.255106 0.052186 0.024547
1 0.918598 0.277961 0.085059 0.031319
1 0.928460 0.328749 0.102318 0.027933
1 0.893121 0.383346 0.035750 0.028780
1 0.899901 0.433710 0.050131 0.024547
1 0.930514 0.452333 0.111358 0.017776
1 0.908736 0.490423 0.066157 0.024547
1 0.928049 0.512431 0.102318 0.021162
1 0.873603 0.572107 0.054241 0.025394
1 0.914900 0.605119 0.080950 0.022008
1 0.917571 0.631783 0.084648 0.024547
1 0.887779 0.671567 0.029175 0.029626
1 0.875863 0.741400 0.063692 0.033859
1 0.905243 0.788379 0.064924 0.029626
1 0.894354 0.850594 0.045611 0.028780
1 0.888601 0.907307 0.022600 0.027087
1 0.914900 0.960211 0.083416 0.038091
1 0.862919 0.034603 0.025477 0.022008
0 0.786695 0.029947 0.016026 0.029626
0 0.806624 0.029524 0.013149 0.033859
0 0.830457 0.032486 0.019724 0.039784
0 0.935240 0.034179 0.012327 0.027933
0 0.965442 0.029947 0.017669 0.029626
0 0.985577 0.029947 0.013560 0.029626
0 0.913667 0.670297 0.025888 0.032166
0 0.963593 0.605966 0.017258 0.028780
0 0.967497 0.277538 0.011095 0.023701
0 0.808473 0.934817 0.021778 0.043170
0 0.784640 0.935663 0.022600 0.048248
0 0.758136 0.936933 0.018902 0.040630
0 0.013355 0.033756 0.016847 0.028780
0 0.083005 0.155647 0.071499 0.082953
0 0.145669 0.098511 0.013560 0.022855
0 0.147724 0.032910 0.017669 0.023701
0 0.174638 0.035026 0.012327 0.029626
0 0.189842 0.253413 0.032873 0.070257
0 0.190459 0.381653 0.035750 0.074489
0 0.189226 0.509046 0.039037 0.066871
0 0.189431 0.710081 0.037804 0.079568
0 0.189637 0.835781 0.035750 0.078721
0 0.191486 0.938626 0.018902 0.047402
0 0.184089 0.990475 0.020546 0.019050
0 0.119987 0.977987 0.019724 0.029626
0 0.144642 0.977987 0.013971 0.026240
0 0.099236 0.975870 0.013560 0.028780
0 0.144231 0.764254 0.017258 0.030473
0 0.014382 0.667758 0.010684 0.028780
0 0.014793 0.716006 0.013971 0.028780
0 0.014587 0.762562 0.012738 0.028780
0 0.014382 0.810810 0.011506 0.030473
0 0.013971 0.862021 0.013149 0.029626
0 0.003082 0.935240 0.006164 0.028780
0 0.003287 0.417204 0.006574 0.033859
0 0.013971 0.453602 0.013971 0.030473
0 0.013355 0.501427 0.015204 0.029626
0 0.014793 0.553062 0.014793 0.029626
0 0.860865 0.153531 0.021368 0.049941
0 0.861275 0.268650 0.026298 0.053327
0 0.860454 0.329595 0.025477 0.051634
0 0.862097 0.384192 0.023833 0.049095
0 0.859221 0.438789 0.027120 0.056713
0 0.859632 0.501851 0.027120 0.057560
0 0.859015 0.618239 0.028353 0.053327
0 0.859426 0.675376 0.027531 0.052481
0 0.859632 0.789648 0.026298 0.050788
0 0.860248 0.846361 0.026709 0.055867
0 0.860043 0.907307 0.029586 0.052481
0 0.860248 0.961057 0.029175 0.060099
2 0.897025 0.031217 0.103550 0.038937
2 0.498849 0.941589 0.655819 0.071949